/*--------------------------------*- C++ -*----------------------------------*\
| =========                 |                                                 |
| \\      /  F ield         | OpenFOAM: The Open Source CFD Toolbox           |
|  \\    /   O peration     | Version:  v2012                                 |
|   \\  /    A nd           | Website:  www.openfoam.com                      |
|    \\/     M anipulation  |                                                 |
\*---------------------------------------------------------------------------*/
FoamFile
{
    version     2.0;
    format      ascii;
    class       faceList;
    location    "constant/polyMesh";
    object      faces;
}
// * * * * * * * * * * * * * * * * * * * * * * * * * * * * * * * * * * * * * //


6272
(
3(17 0 476)
3(17 476 16)
3(32 17 476)
3(32 476 157)
3(157 476 17)
3(157 32 477)
3(157 477 476)
3(33 157 477)
3(33 477 158)
3(158 477 157)
3(158 33 478)
3(158 478 477)
3(34 158 478)
3(34 478 159)
3(159 478 158)
3(159 34 479)
3(159 479 478)
3(35 159 479)
3(35 479 160)
3(160 479 159)
3(160 35 480)
3(160 480 479)
3(36 160 480)
3(36 480 161)
3(161 480 160)
3(161 36 481)
3(161 481 480)
3(37 161 481)
3(37 481 162)
3(162 481 161)
3(162 37 482)
3(162 482 481)
3(38 162 482)
3(38 482 163)
3(163 482 162)
3(163 38 483)
3(163 483 482)
3(39 163 483)
3(39 483 164)
3(164 483 163)
3(164 39 484)
3(164 484 483)
3(40 164 484)
3(40 484 165)
3(165 484 164)
3(165 40 485)
3(165 485 484)
3(41 165 485)
3(41 485 166)
3(166 485 165)
3(166 41 486)
3(166 486 485)
3(42 166 486)
3(42 486 167)
3(167 486 166)
3(167 42 487)
3(167 487 486)
3(43 167 487)
3(43 487 168)
3(168 487 167)
3(168 43 488)
3(168 488 487)
3(44 168 488)
3(44 488 169)
3(169 488 168)
3(169 44 489)
3(169 489 488)
3(45 169 489)
3(45 489 170)
3(170 489 169)
3(170 45 490)
3(170 490 489)
3(46 170 490)
3(46 490 171)
3(171 490 170)
3(171 46 491)
3(171 491 490)
3(47 171 491)
3(47 491 172)
3(172 491 171)
3(172 47 492)
3(172 492 491)
3(48 172 492)
3(48 492 173)
3(173 492 172)
3(173 48 493)
3(173 493 492)
3(49 173 493)
3(49 493 174)
3(174 493 173)
3(174 49 494)
3(174 494 493)
3(50 174 494)
3(50 494 175)
3(175 494 174)
3(175 50 495)
3(175 495 494)
3(51 175 495)
3(51 495 176)
3(176 495 175)
3(176 51 496)
3(176 496 495)
3(52 176 496)
3(52 496 177)
3(177 496 176)
3(177 52 497)
3(177 497 496)
3(53 177 497)
3(53 497 178)
3(178 497 177)
3(178 53 498)
3(178 498 497)
3(54 178 498)
3(54 498 179)
3(179 498 178)
3(179 54 499)
3(179 499 498)
3(55 179 499)
3(55 499 180)
3(180 499 179)
3(180 55 500)
3(180 500 499)
3(56 180 500)
3(56 500 181)
3(181 500 180)
3(181 56 501)
3(181 501 500)
3(57 181 501)
3(57 501 182)
3(182 501 181)
3(182 57 502)
3(182 502 501)
3(58 182 502)
3(58 502 183)
3(183 502 182)
3(183 58 503)
3(183 503 502)
3(59 183 503)
3(59 503 184)
3(184 503 183)
3(184 59 504)
3(184 504 503)
3(60 184 504)
3(60 504 185)
3(185 504 184)
3(185 60 31)
3(185 31 504)
3(4 185 31)
3(20 31 185)
3(17 16 514)
3(16 148 514)
3(17 514 148)
3(476 17 514)
3(476 514 157)
3(157 514 17)
3(476 16 514)
3(157 476 515)
3(476 514 515)
3(157 515 514)
3(477 157 515)
3(477 515 158)
3(158 515 157)
3(477 476 515)
3(158 477 516)
3(477 515 516)
3(158 516 515)
3(478 158 516)
3(478 516 159)
3(159 516 158)
3(478 477 516)
3(159 478 517)
3(478 516 517)
3(159 517 516)
3(479 159 517)
3(479 517 160)
3(160 517 159)
3(479 478 517)
3(160 479 518)
3(479 517 518)
3(160 518 517)
3(480 160 518)
3(480 518 161)
3(161 518 160)
3(480 479 518)
3(161 480 519)
3(480 518 519)
3(161 519 518)
3(481 161 519)
3(481 519 162)
3(162 519 161)
3(481 480 519)
3(162 481 520)
3(481 519 520)
3(162 520 519)
3(482 162 520)
3(482 520 163)
3(163 520 162)
3(482 481 520)
3(163 482 521)
3(482 520 521)
3(163 521 520)
3(483 163 521)
3(483 521 164)
3(164 521 163)
3(483 482 521)
3(164 483 522)
3(483 521 522)
3(164 522 521)
3(484 164 522)
3(484 522 165)
3(165 522 164)
3(484 483 522)
3(165 484 523)
3(484 522 523)
3(165 523 522)
3(485 165 523)
3(485 523 166)
3(166 523 165)
3(485 484 523)
3(166 485 524)
3(485 523 524)
3(166 524 523)
3(486 166 524)
3(486 524 167)
3(167 524 166)
3(486 485 524)
3(167 486 525)
3(486 524 525)
3(167 525 524)
3(487 167 525)
3(487 525 168)
3(168 525 167)
3(487 486 525)
3(168 487 526)
3(487 525 526)
3(168 526 525)
3(488 168 526)
3(488 526 169)
3(169 526 168)
3(488 487 526)
3(169 488 527)
3(488 526 527)
3(169 527 526)
3(489 169 527)
3(489 527 170)
3(170 527 169)
3(489 488 527)
3(170 489 528)
3(489 527 528)
3(170 528 527)
3(490 170 528)
3(490 528 171)
3(171 528 170)
3(490 489 528)
3(171 490 529)
3(490 528 529)
3(171 529 528)
3(491 171 529)
3(491 529 172)
3(172 529 171)
3(491 490 529)
3(172 491 530)
3(491 529 530)
3(172 530 529)
3(492 172 530)
3(492 530 173)
3(173 530 172)
3(492 491 530)
3(173 492 531)
3(492 530 531)
3(173 531 530)
3(493 173 531)
3(493 531 174)
3(174 531 173)
3(493 492 531)
3(174 493 532)
3(493 531 532)
3(174 532 531)
3(494 174 532)
3(494 532 175)
3(175 532 174)
3(494 493 532)
3(175 494 533)
3(494 532 533)
3(175 533 532)
3(495 175 533)
3(495 533 176)
3(176 533 175)
3(495 494 533)
3(176 495 534)
3(495 533 534)
3(176 534 533)
3(496 176 534)
3(496 534 177)
3(177 534 176)
3(496 495 534)
3(177 496 535)
3(496 534 535)
3(177 535 534)
3(497 177 535)
3(497 535 178)
3(178 535 177)
3(497 496 535)
3(178 497 536)
3(497 535 536)
3(178 536 535)
3(498 178 536)
3(498 536 179)
3(179 536 178)
3(498 497 536)
3(179 498 537)
3(498 536 537)
3(179 537 536)
3(499 179 537)
3(499 537 180)
3(180 537 179)
3(499 498 537)
3(180 499 538)
3(499 537 538)
3(180 538 537)
3(500 180 538)
3(500 538 181)
3(181 538 180)
3(500 499 538)
3(181 500 539)
3(500 538 539)
3(181 539 538)
3(501 181 539)
3(501 539 182)
3(182 539 181)
3(501 500 539)
3(182 501 540)
3(501 539 540)
3(182 540 539)
3(502 182 540)
3(502 540 183)
3(183 540 182)
3(502 501 540)
3(183 502 541)
3(502 540 541)
3(183 541 540)
3(503 183 541)
3(503 541 184)
3(184 541 183)
3(503 502 541)
3(184 503 542)
3(503 541 542)
3(184 542 541)
3(504 184 542)
3(504 542 185)
3(185 542 184)
3(504 503 542)
3(185 504 505)
3(504 542 505)
3(185 505 542)
3(31 185 505)
3(20 505 185)
3(31 504 505)
3(148 16 543)
3(16 149 543)
3(148 543 149)
3(514 543 16)
3(476 543 514)
3(476 16 543)
3(148 514 543)
3(514 476 544)
3(476 543 544)
3(514 544 543)
3(515 544 476)
3(477 544 515)
3(477 476 544)
3(514 515 544)
3(515 477 545)
3(477 544 545)
3(515 545 544)
3(516 545 477)
3(478 545 516)
3(478 477 545)
3(515 516 545)
3(516 478 546)
3(478 545 546)
3(516 546 545)
3(517 546 478)
3(479 546 517)
3(479 478 546)
3(516 517 546)
3(517 479 547)
3(479 546 547)
3(517 547 546)
3(518 547 479)
3(480 547 518)
3(480 479 547)
3(517 518 547)
3(518 480 548)
3(480 547 548)
3(518 548 547)
3(519 548 480)
3(481 548 519)
3(481 480 548)
3(518 519 548)
3(519 481 549)
3(481 548 549)
3(519 549 548)
3(520 549 481)
3(482 549 520)
3(482 481 549)
3(519 520 549)
3(520 482 550)
3(482 549 550)
3(520 550 549)
3(521 550 482)
3(483 550 521)
3(483 482 550)
3(520 521 550)
3(521 483 551)
3(483 550 551)
3(521 551 550)
3(522 551 483)
3(484 551 522)
3(484 483 551)
3(521 522 551)
3(522 484 552)
3(484 551 552)
3(522 552 551)
3(523 552 484)
3(485 552 523)
3(485 484 552)
3(522 523 552)
3(523 485 553)
3(485 552 553)
3(523 553 552)
3(524 553 485)
3(486 553 524)
3(486 485 553)
3(523 524 553)
3(524 486 554)
3(486 553 554)
3(524 554 553)
3(525 554 486)
3(487 554 525)
3(487 486 554)
3(524 525 554)
3(525 487 555)
3(487 554 555)
3(525 555 554)
3(526 555 487)
3(488 555 526)
3(488 487 555)
3(525 526 555)
3(526 488 556)
3(488 555 556)
3(526 556 555)
3(527 556 488)
3(489 556 527)
3(489 488 556)
3(526 527 556)
3(527 489 557)
3(489 556 557)
3(527 557 556)
3(528 557 489)
3(490 557 528)
3(490 489 557)
3(527 528 557)
3(528 490 558)
3(490 557 558)
3(528 558 557)
3(529 558 490)
3(491 558 529)
3(491 490 558)
3(528 529 558)
3(529 491 559)
3(491 558 559)
3(529 559 558)
3(530 559 491)
3(492 559 530)
3(492 491 559)
3(529 530 559)
3(530 492 560)
3(492 559 560)
3(530 560 559)
3(531 560 492)
3(493 560 531)
3(493 492 560)
3(530 531 560)
3(531 493 561)
3(493 560 561)
3(531 561 560)
3(532 561 493)
3(494 561 532)
3(494 493 561)
3(531 532 561)
3(532 494 562)
3(494 561 562)
3(532 562 561)
3(533 562 494)
3(495 562 533)
3(495 494 562)
3(532 533 562)
3(533 495 563)
3(495 562 563)
3(533 563 562)
3(534 563 495)
3(496 563 534)
3(496 495 563)
3(533 534 563)
3(534 496 564)
3(496 563 564)
3(534 564 563)
3(535 564 496)
3(497 564 535)
3(497 496 564)
3(534 535 564)
3(535 497 565)
3(497 564 565)
3(535 565 564)
3(536 565 497)
3(498 565 536)
3(498 497 565)
3(535 536 565)
3(536 498 566)
3(498 565 566)
3(536 566 565)
3(537 566 498)
3(499 566 537)
3(499 498 566)
3(536 537 566)
3(537 499 567)
3(499 566 567)
3(537 567 566)
3(538 567 499)
3(500 567 538)
3(500 499 567)
3(537 538 567)
3(538 500 568)
3(500 567 568)
3(538 568 567)
3(539 568 500)
3(501 568 539)
3(501 500 568)
3(538 539 568)
3(539 501 569)
3(501 568 569)
3(539 569 568)
3(540 569 501)
3(502 569 540)
3(502 501 569)
3(539 540 569)
3(540 502 570)
3(502 569 570)
3(540 570 569)
3(541 570 502)
3(503 570 541)
3(503 502 570)
3(540 541 570)
3(541 503 571)
3(503 570 571)
3(541 571 570)
3(542 571 503)
3(504 571 542)
3(504 503 571)
3(541 542 571)
3(542 504 506)
3(504 571 506)
3(542 506 571)
3(505 506 504)
3(31 504 506)
3(542 505 506)
3(15 543 16)
3(15 149 543)
3(543 15 476)
3(543 476 447)
3(543 447 15)
3(447 544 476)
3(447 543 544)
3(544 447 477)
3(544 477 448)
3(544 448 447)
3(448 545 477)
3(448 544 545)
3(545 448 478)
3(545 478 449)
3(545 449 448)
3(449 546 478)
3(449 545 546)
3(546 449 479)
3(546 479 450)
3(546 450 449)
3(450 547 479)
3(450 546 547)
3(547 450 480)
3(547 480 451)
3(547 451 450)
3(451 548 480)
3(451 547 548)
3(548 451 481)
3(548 481 452)
3(548 452 451)
3(452 549 481)
3(452 548 549)
3(549 452 482)
3(549 482 453)
3(549 453 452)
3(453 550 482)
3(453 549 550)
3(550 453 483)
3(550 483 454)
3(550 454 453)
3(454 551 483)
3(454 550 551)
3(551 454 484)
3(551 484 455)
3(551 455 454)
3(455 552 484)
3(455 551 552)
3(552 455 485)
3(552 485 456)
3(552 456 455)
3(456 553 485)
3(456 552 553)
3(553 456 486)
3(553 486 457)
3(553 457 456)
3(457 554 486)
3(457 553 554)
3(554 457 487)
3(554 487 458)
3(554 458 457)
3(458 555 487)
3(458 554 555)
3(555 458 488)
3(555 488 459)
3(555 459 458)
3(459 556 488)
3(459 555 556)
3(556 459 489)
3(556 489 460)
3(556 460 459)
3(460 557 489)
3(460 556 557)
3(557 460 490)
3(557 490 461)
3(557 461 460)
3(461 558 490)
3(461 557 558)
3(558 461 491)
3(558 491 462)
3(558 462 461)
3(462 559 491)
3(462 558 559)
3(559 462 492)
3(559 492 463)
3(559 463 462)
3(463 560 492)
3(463 559 560)
3(560 463 493)
3(560 493 464)
3(560 464 463)
3(464 561 493)
3(464 560 561)
3(561 464 494)
3(561 494 465)
3(561 465 464)
3(465 562 494)
3(465 561 562)
3(562 465 495)
3(562 495 466)
3(562 466 465)
3(466 563 495)
3(466 562 563)
3(563 466 496)
3(563 496 467)
3(563 467 466)
3(467 564 496)
3(467 563 564)
3(564 467 497)
3(564 497 468)
3(564 468 467)
3(468 565 497)
3(468 564 565)
3(565 468 498)
3(565 498 469)
3(565 469 468)
3(469 566 498)
3(469 565 566)
3(566 469 499)
3(566 499 470)
3(566 470 469)
3(470 567 499)
3(470 566 567)
3(567 470 500)
3(567 500 471)
3(567 471 470)
3(471 568 500)
3(471 567 568)
3(568 471 501)
3(568 501 472)
3(568 472 471)
3(472 569 501)
3(472 568 569)
3(569 472 502)
3(569 502 473)
3(569 473 472)
3(473 570 502)
3(473 569 570)
3(570 473 503)
3(570 503 474)
3(570 474 473)
3(474 571 503)
3(474 570 571)
3(571 474 504)
3(571 504 475)
3(571 475 474)
3(475 506 504)
3(475 571 506)
3(506 475 31)
3(506 30 475)
3(149 15 418)
3(149 418 14)
3(543 418 15)
3(447 418 543)
3(149 543 418)
3(543 447 419)
3(543 419 418)
3(544 419 447)
3(448 419 544)
3(543 544 419)
3(544 448 420)
3(544 420 419)
3(545 420 448)
3(449 420 545)
3(544 545 420)
3(545 449 421)
3(545 421 420)
3(546 421 449)
3(450 421 546)
3(545 546 421)
3(546 450 422)
3(546 422 421)
3(547 422 450)
3(451 422 547)
3(546 547 422)
3(547 451 423)
3(547 423 422)
3(548 423 451)
3(452 423 548)
3(547 548 423)
3(548 452 424)
3(548 424 423)
3(549 424 452)
3(453 424 549)
3(548 549 424)
3(549 453 425)
3(549 425 424)
3(550 425 453)
3(454 425 550)
3(549 550 425)
3(550 454 426)
3(550 426 425)
3(551 426 454)
3(455 426 551)
3(550 551 426)
3(551 455 427)
3(551 427 426)
3(552 427 455)
3(456 427 552)
3(551 552 427)
3(552 456 428)
3(552 428 427)
3(553 428 456)
3(457 428 553)
3(552 553 428)
3(553 457 429)
3(553 429 428)
3(554 429 457)
3(458 429 554)
3(553 554 429)
3(554 458 430)
3(554 430 429)
3(555 430 458)
3(459 430 555)
3(554 555 430)
3(555 459 431)
3(555 431 430)
3(556 431 459)
3(460 431 556)
3(555 556 431)
3(556 460 432)
3(556 432 431)
3(557 432 460)
3(461 432 557)
3(556 557 432)
3(557 461 433)
3(557 433 432)
3(558 433 461)
3(462 433 558)
3(557 558 433)
3(558 462 434)
3(558 434 433)
3(559 434 462)
3(463 434 559)
3(558 559 434)
3(559 463 435)
3(559 435 434)
3(560 435 463)
3(464 435 560)
3(559 560 435)
3(560 464 436)
3(560 436 435)
3(561 436 464)
3(465 436 561)
3(560 561 436)
3(561 465 437)
3(561 437 436)
3(562 437 465)
3(466 437 562)
3(561 562 437)
3(562 466 438)
3(562 438 437)
3(563 438 466)
3(467 438 563)
3(562 563 438)
3(563 467 439)
3(563 439 438)
3(564 439 467)
3(468 439 564)
3(563 564 439)
3(564 468 440)
3(564 440 439)
3(565 440 468)
3(469 440 565)
3(564 565 440)
3(565 469 441)
3(565 441 440)
3(566 441 469)
3(470 441 566)
3(565 566 441)
3(566 470 442)
3(566 442 441)
3(567 442 470)
3(471 442 567)
3(566 567 442)
3(567 471 443)
3(567 443 442)
3(568 443 471)
3(472 443 568)
3(567 568 443)
3(568 472 444)
3(568 444 443)
3(569 444 472)
3(473 444 569)
3(568 569 444)
3(569 473 445)
3(569 445 444)
3(570 445 473)
3(474 445 570)
3(569 570 445)
3(570 474 446)
3(570 446 445)
3(571 446 474)
3(475 446 571)
3(570 571 446)
3(571 475 29)
3(571 29 446)
3(506 29 475)
3(571 506 29)
3(149 14 572)
3(14 150 572)
3(149 572 150)
3(418 149 572)
3(418 572 543)
3(543 572 149)
3(418 14 572)
3(543 418 573)
3(418 572 573)
3(543 573 572)
3(419 543 573)
3(419 573 544)
3(544 573 543)
3(419 418 573)
3(544 419 574)
3(419 573 574)
3(544 574 573)
3(420 544 574)
3(420 574 545)
3(545 574 544)
3(420 419 574)
3(545 420 575)
3(420 574 575)
3(545 575 574)
3(421 545 575)
3(421 575 546)
3(546 575 545)
3(421 420 575)
3(546 421 576)
3(421 575 576)
3(546 576 575)
3(422 546 576)
3(422 576 547)
3(547 576 546)
3(422 421 576)
3(547 422 577)
3(422 576 577)
3(547 577 576)
3(423 547 577)
3(423 577 548)
3(548 577 547)
3(423 422 577)
3(548 423 578)
3(423 577 578)
3(548 578 577)
3(424 548 578)
3(424 578 549)
3(549 578 548)
3(424 423 578)
3(549 424 579)
3(424 578 579)
3(549 579 578)
3(425 549 579)
3(425 579 550)
3(550 579 549)
3(425 424 579)
3(550 425 580)
3(425 579 580)
3(550 580 579)
3(426 550 580)
3(426 580 551)
3(551 580 550)
3(426 425 580)
3(551 426 581)
3(426 580 581)
3(551 581 580)
3(427 551 581)
3(427 581 552)
3(552 581 551)
3(427 426 581)
3(552 427 582)
3(427 581 582)
3(552 582 581)
3(428 552 582)
3(428 582 553)
3(553 582 552)
3(428 427 582)
3(553 428 583)
3(428 582 583)
3(553 583 582)
3(429 553 583)
3(429 583 554)
3(554 583 553)
3(429 428 583)
3(554 429 584)
3(429 583 584)
3(554 584 583)
3(430 554 584)
3(430 584 555)
3(555 584 554)
3(430 429 584)
3(555 430 585)
3(430 584 585)
3(555 585 584)
3(431 555 585)
3(431 585 556)
3(556 585 555)
3(431 430 585)
3(556 431 586)
3(431 585 586)
3(556 586 585)
3(432 556 586)
3(432 586 557)
3(557 586 556)
3(432 431 586)
3(557 432 587)
3(432 586 587)
3(557 587 586)
3(433 557 587)
3(433 587 558)
3(558 587 557)
3(433 432 587)
3(558 433 588)
3(433 587 588)
3(558 588 587)
3(434 558 588)
3(434 588 559)
3(559 588 558)
3(434 433 588)
3(559 434 589)
3(434 588 589)
3(559 589 588)
3(435 559 589)
3(435 589 560)
3(560 589 559)
3(435 434 589)
3(560 435 590)
3(435 589 590)
3(560 590 589)
3(436 560 590)
3(436 590 561)
3(561 590 560)
3(436 435 590)
3(561 436 591)
3(436 590 591)
3(561 591 590)
3(437 561 591)
3(437 591 562)
3(562 591 561)
3(437 436 591)
3(562 437 592)
3(437 591 592)
3(562 592 591)
3(438 562 592)
3(438 592 563)
3(563 592 562)
3(438 437 592)
3(563 438 593)
3(438 592 593)
3(563 593 592)
3(439 563 593)
3(439 593 564)
3(564 593 563)
3(439 438 593)
3(564 439 594)
3(439 593 594)
3(564 594 593)
3(440 564 594)
3(440 594 565)
3(565 594 564)
3(440 439 594)
3(565 440 595)
3(440 594 595)
3(565 595 594)
3(441 565 595)
3(441 595 566)
3(566 595 565)
3(441 440 595)
3(566 441 596)
3(441 595 596)
3(566 596 595)
3(442 566 596)
3(442 596 567)
3(567 596 566)
3(442 441 596)
3(567 442 597)
3(442 596 597)
3(567 597 596)
3(443 567 597)
3(443 597 568)
3(568 597 567)
3(443 442 597)
3(568 443 598)
3(443 597 598)
3(568 598 597)
3(444 568 598)
3(444 598 569)
3(569 598 568)
3(444 443 598)
3(569 444 599)
3(444 598 599)
3(569 599 598)
3(445 569 599)
3(445 599 570)
3(570 599 569)
3(445 444 599)
3(570 445 600)
3(445 599 600)
3(570 600 599)
3(446 570 600)
3(446 600 571)
3(571 600 570)
3(446 445 600)
3(571 446 507)
3(446 600 507)
3(571 507 600)
3(29 571 507)
3(506 507 571)
3(29 446 507)
3(150 14 389)
3(14 13 389)
3(150 389 13)
3(572 389 14)
3(418 389 572)
3(418 14 389)
3(150 572 389)
3(572 418 390)
3(418 389 390)
3(572 390 389)
3(573 390 418)
3(419 390 573)
3(419 418 390)
3(572 573 390)
3(573 419 391)
3(419 390 391)
3(573 391 390)
3(574 391 419)
3(420 391 574)
3(420 419 391)
3(573 574 391)
3(574 420 392)
3(420 391 392)
3(574 392 391)
3(575 392 420)
3(421 392 575)
3(421 420 392)
3(574 575 392)
3(575 421 393)
3(421 392 393)
3(575 393 392)
3(576 393 421)
3(422 393 576)
3(422 421 393)
3(575 576 393)
3(576 422 394)
3(422 393 394)
3(576 394 393)
3(577 394 422)
3(423 394 577)
3(423 422 394)
3(576 577 394)
3(577 423 395)
3(423 394 395)
3(577 395 394)
3(578 395 423)
3(424 395 578)
3(424 423 395)
3(577 578 395)
3(578 424 396)
3(424 395 396)
3(578 396 395)
3(579 396 424)
3(425 396 579)
3(425 424 396)
3(578 579 396)
3(579 425 397)
3(425 396 397)
3(579 397 396)
3(580 397 425)
3(426 397 580)
3(426 425 397)
3(579 580 397)
3(580 426 398)
3(426 397 398)
3(580 398 397)
3(581 398 426)
3(427 398 581)
3(427 426 398)
3(580 581 398)
3(581 427 399)
3(427 398 399)
3(581 399 398)
3(582 399 427)
3(428 399 582)
3(428 427 399)
3(581 582 399)
3(582 428 400)
3(428 399 400)
3(582 400 399)
3(583 400 428)
3(429 400 583)
3(429 428 400)
3(582 583 400)
3(583 429 401)
3(429 400 401)
3(583 401 400)
3(584 401 429)
3(430 401 584)
3(430 429 401)
3(583 584 401)
3(584 430 402)
3(430 401 402)
3(584 402 401)
3(585 402 430)
3(431 402 585)
3(431 430 402)
3(584 585 402)
3(585 431 403)
3(431 402 403)
3(585 403 402)
3(586 403 431)
3(432 403 586)
3(432 431 403)
3(585 586 403)
3(586 432 404)
3(432 403 404)
3(586 404 403)
3(587 404 432)
3(433 404 587)
3(433 432 404)
3(586 587 404)
3(587 433 405)
3(433 404 405)
3(587 405 404)
3(588 405 433)
3(434 405 588)
3(434 433 405)
3(587 588 405)
3(588 434 406)
3(434 405 406)
3(588 406 405)
3(589 406 434)
3(435 406 589)
3(435 434 406)
3(588 589 406)
3(589 435 407)
3(435 406 407)
3(589 407 406)
3(590 407 435)
3(436 407 590)
3(436 435 407)
3(589 590 407)
3(590 436 408)
3(436 407 408)
3(590 408 407)
3(591 408 436)
3(437 408 591)
3(437 436 408)
3(590 591 408)
3(591 437 409)
3(437 408 409)
3(591 409 408)
3(592 409 437)
3(438 409 592)
3(438 437 409)
3(591 592 409)
3(592 438 410)
3(438 409 410)
3(592 410 409)
3(593 410 438)
3(439 410 593)
3(439 438 410)
3(592 593 410)
3(593 439 411)
3(439 410 411)
3(593 411 410)
3(594 411 439)
3(440 411 594)
3(440 439 411)
3(593 594 411)
3(594 440 412)
3(440 411 412)
3(594 412 411)
3(595 412 440)
3(441 412 595)
3(441 440 412)
3(594 595 412)
3(595 441 413)
3(441 412 413)
3(595 413 412)
3(596 413 441)
3(442 413 596)
3(442 441 413)
3(595 596 413)
3(596 442 414)
3(442 413 414)
3(596 414 413)
3(597 414 442)
3(443 414 597)
3(443 442 414)
3(596 597 414)
3(597 443 415)
3(443 414 415)
3(597 415 414)
3(598 415 443)
3(444 415 598)
3(444 443 415)
3(597 598 415)
3(598 444 416)
3(444 415 416)
3(598 416 415)
3(599 416 444)
3(445 416 599)
3(445 444 416)
3(598 599 416)
3(599 445 417)
3(445 416 417)
3(599 417 416)
3(600 417 445)
3(446 417 600)
3(446 445 417)
3(599 600 417)
3(600 446 28)
3(446 417 28)
3(600 28 417)
3(507 28 446)
3(29 446 28)
3(600 507 28)
3(1 389 14)
3(389 1 418)
3(389 418 119)
3(119 390 418)
3(390 119 419)
3(390 419 120)
3(120 391 419)
3(391 120 420)
3(391 420 121)
3(121 392 420)
3(392 121 421)
3(392 421 122)
3(122 393 421)
3(393 122 422)
3(393 422 123)
3(123 394 422)
3(394 123 423)
3(394 423 124)
3(124 395 423)
3(395 124 424)
3(395 424 125)
3(125 396 424)
3(396 125 425)
3(396 425 126)
3(126 397 425)
3(397 126 426)
3(397 426 127)
3(127 398 426)
3(398 127 427)
3(398 427 128)
3(128 399 427)
3(399 128 428)
3(399 428 129)
3(129 400 428)
3(400 129 429)
3(400 429 130)
3(130 401 429)
3(401 130 430)
3(401 430 131)
3(131 402 430)
3(402 131 431)
3(402 431 132)
3(132 403 431)
3(403 132 432)
3(403 432 133)
3(133 404 432)
3(404 133 433)
3(404 433 134)
3(134 405 433)
3(405 134 434)
3(405 434 135)
3(135 406 434)
3(406 135 435)
3(406 435 136)
3(136 407 435)
3(407 136 436)
3(407 436 137)
3(137 408 436)
3(408 137 437)
3(408 437 138)
3(138 409 437)
3(409 138 438)
3(409 438 139)
3(139 410 438)
3(410 139 439)
3(410 439 140)
3(140 411 439)
3(411 140 440)
3(411 440 141)
3(141 412 440)
3(412 141 441)
3(412 441 142)
3(142 413 441)
3(413 142 442)
3(413 442 143)
3(143 414 442)
3(414 143 443)
3(414 443 144)
3(144 415 443)
3(415 144 444)
3(415 444 145)
3(145 416 444)
3(416 145 445)
3(416 445 146)
3(146 417 445)
3(417 146 446)
3(417 446 147)
3(147 28 446)
3(28 147 29)
3(18 17 601)
3(17 151 601)
3(18 601 151)
3(157 18 601)
3(157 601 186)
3(186 601 18)
3(157 17 601)
3(186 157 602)
3(157 601 602)
3(186 602 601)
3(158 186 602)
3(158 602 187)
3(187 602 186)
3(158 157 602)
3(187 158 603)
3(158 602 603)
3(187 603 602)
3(159 187 603)
3(159 603 188)
3(188 603 187)
3(159 158 603)
3(188 159 604)
3(159 603 604)
3(188 604 603)
3(160 188 604)
3(160 604 189)
3(189 604 188)
3(160 159 604)
3(189 160 605)
3(160 604 605)
3(189 605 604)
3(161 189 605)
3(161 605 190)
3(190 605 189)
3(161 160 605)
3(190 161 606)
3(161 605 606)
3(190 606 605)
3(162 190 606)
3(162 606 191)
3(191 606 190)
3(162 161 606)
3(191 162 607)
3(162 606 607)
3(191 607 606)
3(163 191 607)
3(163 607 192)
3(192 607 191)
3(163 162 607)
3(192 163 608)
3(163 607 608)
3(192 608 607)
3(164 192 608)
3(164 608 193)
3(193 608 192)
3(164 163 608)
3(193 164 609)
3(164 608 609)
3(193 609 608)
3(165 193 609)
3(165 609 194)
3(194 609 193)
3(165 164 609)
3(194 165 610)
3(165 609 610)
3(194 610 609)
3(166 194 610)
3(166 610 195)
3(195 610 194)
3(166 165 610)
3(195 166 611)
3(166 610 611)
3(195 611 610)
3(167 195 611)
3(167 611 196)
3(196 611 195)
3(167 166 611)
3(196 167 612)
3(167 611 612)
3(196 612 611)
3(168 196 612)
3(168 612 197)
3(197 612 196)
3(168 167 612)
3(197 168 613)
3(168 612 613)
3(197 613 612)
3(169 197 613)
3(169 613 198)
3(198 613 197)
3(169 168 613)
3(198 169 614)
3(169 613 614)
3(198 614 613)
3(170 198 614)
3(170 614 199)
3(199 614 198)
3(170 169 614)
3(199 170 615)
3(170 614 615)
3(199 615 614)
3(171 199 615)
3(171 615 200)
3(200 615 199)
3(171 170 615)
3(200 171 616)
3(171 615 616)
3(200 616 615)
3(172 200 616)
3(172 616 201)
3(201 616 200)
3(172 171 616)
3(201 172 617)
3(172 616 617)
3(201 617 616)
3(173 201 617)
3(173 617 202)
3(202 617 201)
3(173 172 617)
3(202 173 618)
3(173 617 618)
3(202 618 617)
3(174 202 618)
3(174 618 203)
3(203 618 202)
3(174 173 618)
3(203 174 619)
3(174 618 619)
3(203 619 618)
3(175 203 619)
3(175 619 204)
3(204 619 203)
3(175 174 619)
3(204 175 620)
3(175 619 620)
3(204 620 619)
3(176 204 620)
3(176 620 205)
3(205 620 204)
3(176 175 620)
3(205 176 621)
3(176 620 621)
3(205 621 620)
3(177 205 621)
3(177 621 206)
3(206 621 205)
3(177 176 621)
3(206 177 622)
3(177 621 622)
3(206 622 621)
3(178 206 622)
3(178 622 207)
3(207 622 206)
3(178 177 622)
3(207 178 623)
3(178 622 623)
3(207 623 622)
3(179 207 623)
3(179 623 208)
3(208 623 207)
3(179 178 623)
3(208 179 624)
3(179 623 624)
3(208 624 623)
3(180 208 624)
3(180 624 209)
3(209 624 208)
3(180 179 624)
3(209 180 625)
3(180 624 625)
3(209 625 624)
3(181 209 625)
3(181 625 210)
3(210 625 209)
3(181 180 625)
3(210 181 626)
3(181 625 626)
3(210 626 625)
3(182 210 626)
3(182 626 211)
3(211 626 210)
3(182 181 626)
3(211 182 627)
3(182 626 627)
3(211 627 626)
3(183 211 627)
3(183 627 212)
3(212 627 211)
3(183 182 627)
3(212 183 628)
3(183 627 628)
3(212 628 627)
3(184 212 628)
3(184 628 213)
3(213 628 212)
3(184 183 628)
3(213 184 629)
3(184 628 629)
3(213 629 628)
3(185 213 629)
3(185 629 214)
3(214 629 213)
3(185 184 629)
3(214 185 508)
3(185 629 508)
3(214 508 629)
3(20 214 508)
3(21 508 214)
3(20 185 508)
3(148 601 17)
3(148 151 601)
3(601 514 17)
3(601 157 514)
3(601 514 148)
3(514 602 157)
3(514 601 602)
3(602 515 157)
3(602 158 515)
3(602 515 514)
3(515 603 158)
3(515 602 603)
3(603 516 158)
3(603 159 516)
3(603 516 515)
3(516 604 159)
3(516 603 604)
3(604 517 159)
3(604 160 517)
3(604 517 516)
3(517 605 160)
3(517 604 605)
3(605 518 160)
3(605 161 518)
3(605 518 517)
3(518 606 161)
3(518 605 606)
3(606 519 161)
3(606 162 519)
3(606 519 518)
3(519 607 162)
3(519 606 607)
3(607 520 162)
3(607 163 520)
3(607 520 519)
3(520 608 163)
3(520 607 608)
3(608 521 163)
3(608 164 521)
3(608 521 520)
3(521 609 164)
3(521 608 609)
3(609 522 164)
3(609 165 522)
3(609 522 521)
3(522 610 165)
3(522 609 610)
3(610 523 165)
3(610 166 523)
3(610 523 522)
3(523 611 166)
3(523 610 611)
3(611 524 166)
3(611 167 524)
3(611 524 523)
3(524 612 167)
3(524 611 612)
3(612 525 167)
3(612 168 525)
3(612 525 524)
3(525 613 168)
3(525 612 613)
3(613 526 168)
3(613 169 526)
3(613 526 525)
3(526 614 169)
3(526 613 614)
3(614 527 169)
3(614 170 527)
3(614 527 526)
3(527 615 170)
3(527 614 615)
3(615 528 170)
3(615 171 528)
3(615 528 527)
3(528 616 171)
3(528 615 616)
3(616 529 171)
3(616 172 529)
3(616 529 528)
3(529 617 172)
3(529 616 617)
3(617 530 172)
3(617 173 530)
3(617 530 529)
3(530 618 173)
3(530 617 618)
3(618 531 173)
3(618 174 531)
3(618 531 530)
3(531 619 174)
3(531 618 619)
3(619 532 174)
3(619 175 532)
3(619 532 531)
3(532 620 175)
3(532 619 620)
3(620 533 175)
3(620 176 533)
3(620 533 532)
3(533 621 176)
3(533 620 621)
3(621 534 176)
3(621 177 534)
3(621 534 533)
3(534 622 177)
3(534 621 622)
3(622 535 177)
3(622 178 535)
3(622 535 534)
3(535 623 178)
3(535 622 623)
3(623 536 178)
3(623 179 536)
3(623 536 535)
3(536 624 179)
3(536 623 624)
3(624 537 179)
3(624 180 537)
3(624 537 536)
3(537 625 180)
3(537 624 625)
3(625 538 180)
3(625 181 538)
3(625 538 537)
3(538 626 181)
3(538 625 626)
3(626 539 181)
3(626 182 539)
3(626 539 538)
3(539 627 182)
3(539 626 627)
3(627 540 182)
3(627 183 540)
3(627 540 539)
3(540 628 183)
3(540 627 628)
3(628 541 183)
3(628 184 541)
3(628 541 540)
3(541 629 184)
3(541 628 629)
3(629 542 184)
3(629 185 542)
3(629 542 541)
3(542 508 185)
3(542 629 508)
3(508 505 185)
3(508 505 542)
3(151 148 543)
3(151 543 149)
3(601 543 148)
3(514 543 601)
3(151 601 543)
3(601 514 544)
3(601 544 543)
3(602 544 514)
3(515 544 602)
3(601 602 544)
3(602 515 545)
3(602 545 544)
3(603 545 515)
3(516 545 603)
3(602 603 545)
3(603 516 546)
3(603 546 545)
3(604 546 516)
3(517 546 604)
3(603 604 546)
3(604 517 547)
3(604 547 546)
3(605 547 517)
3(518 547 605)
3(604 605 547)
3(605 518 548)
3(605 548 547)
3(606 548 518)
3(519 548 606)
3(605 606 548)
3(606 519 549)
3(606 549 548)
3(607 549 519)
3(520 549 607)
3(606 607 549)
3(607 520 550)
3(607 550 549)
3(608 550 520)
3(521 550 608)
3(607 608 550)
3(608 521 551)
3(608 551 550)
3(609 551 521)
3(522 551 609)
3(608 609 551)
3(609 522 552)
3(609 552 551)
3(610 552 522)
3(523 552 610)
3(609 610 552)
3(610 523 553)
3(610 553 552)
3(611 553 523)
3(524 553 611)
3(610 611 553)
3(611 524 554)
3(611 554 553)
3(612 554 524)
3(525 554 612)
3(611 612 554)
3(612 525 555)
3(612 555 554)
3(613 555 525)
3(526 555 613)
3(612 613 555)
3(613 526 556)
3(613 556 555)
3(614 556 526)
3(527 556 614)
3(613 614 556)
3(614 527 557)
3(614 557 556)
3(615 557 527)
3(528 557 615)
3(614 615 557)
3(615 528 558)
3(615 558 557)
3(616 558 528)
3(529 558 616)
3(615 616 558)
3(616 529 559)
3(616 559 558)
3(617 559 529)
3(530 559 617)
3(616 617 559)
3(617 530 560)
3(617 560 559)
3(618 560 530)
3(531 560 618)
3(617 618 560)
3(618 531 561)
3(618 561 560)
3(619 561 531)
3(532 561 619)
3(618 619 561)
3(619 532 562)
3(619 562 561)
3(620 562 532)
3(533 562 620)
3(619 620 562)
3(620 533 563)
3(620 563 562)
3(621 563 533)
3(534 563 621)
3(620 621 563)
3(621 534 564)
3(621 564 563)
3(622 564 534)
3(535 564 622)
3(621 622 564)
3(622 535 565)
3(622 565 564)
3(623 565 535)
3(536 565 623)
3(622 623 565)
3(623 536 566)
3(623 566 565)
3(624 566 536)
3(537 566 624)
3(623 624 566)
3(624 537 567)
3(624 567 566)
3(625 567 537)
3(538 567 625)
3(624 625 567)
3(625 538 568)
3(625 568 567)
3(626 568 538)
3(539 568 626)
3(625 626 568)
3(626 539 569)
3(626 569 568)
3(627 569 539)
3(540 569 627)
3(626 627 569)
3(627 540 570)
3(627 570 569)
3(628 570 540)
3(541 570 628)
3(627 628 570)
3(628 541 571)
3(628 571 570)
3(629 571 541)
3(542 571 629)
3(628 629 571)
3(629 542 506)
3(629 506 571)
3(508 506 542)
3(629 508 506)
3(151 149 630)
3(149 152 630)
3(151 630 152)
3(543 151 630)
3(543 630 601)
3(601 630 151)
3(543 149 630)
3(601 543 631)
3(543 630 631)
3(601 631 630)
3(544 601 631)
3(544 631 602)
3(602 631 601)
3(544 543 631)
3(602 544 632)
3(544 631 632)
3(602 632 631)
3(545 602 632)
3(545 632 603)
3(603 632 602)
3(545 544 632)
3(603 545 633)
3(545 632 633)
3(603 633 632)
3(546 603 633)
3(546 633 604)
3(604 633 603)
3(546 545 633)
3(604 546 634)
3(546 633 634)
3(604 634 633)
3(547 604 634)
3(547 634 605)
3(605 634 604)
3(547 546 634)
3(605 547 635)
3(547 634 635)
3(605 635 634)
3(548 605 635)
3(548 635 606)
3(606 635 605)
3(548 547 635)
3(606 548 636)
3(548 635 636)
3(606 636 635)
3(549 606 636)
3(549 636 607)
3(607 636 606)
3(549 548 636)
3(607 549 637)
3(549 636 637)
3(607 637 636)
3(550 607 637)
3(550 637 608)
3(608 637 607)
3(550 549 637)
3(608 550 638)
3(550 637 638)
3(608 638 637)
3(551 608 638)
3(551 638 609)
3(609 638 608)
3(551 550 638)
3(609 551 639)
3(551 638 639)
3(609 639 638)
3(552 609 639)
3(552 639 610)
3(610 639 609)
3(552 551 639)
3(610 552 640)
3(552 639 640)
3(610 640 639)
3(553 610 640)
3(553 640 611)
3(611 640 610)
3(553 552 640)
3(611 553 641)
3(553 640 641)
3(611 641 640)
3(554 611 641)
3(554 641 612)
3(612 641 611)
3(554 553 641)
3(612 554 642)
3(554 641 642)
3(612 642 641)
3(555 612 642)
3(555 642 613)
3(613 642 612)
3(555 554 642)
3(613 555 643)
3(555 642 643)
3(613 643 642)
3(556 613 643)
3(556 643 614)
3(614 643 613)
3(556 555 643)
3(614 556 644)
3(556 643 644)
3(614 644 643)
3(557 614 644)
3(557 644 615)
3(615 644 614)
3(557 556 644)
3(615 557 645)
3(557 644 645)
3(615 645 644)
3(558 615 645)
3(558 645 616)
3(616 645 615)
3(558 557 645)
3(616 558 646)
3(558 645 646)
3(616 646 645)
3(559 616 646)
3(559 646 617)
3(617 646 616)
3(559 558 646)
3(617 559 647)
3(559 646 647)
3(617 647 646)
3(560 617 647)
3(560 647 618)
3(618 647 617)
3(560 559 647)
3(618 560 648)
3(560 647 648)
3(618 648 647)
3(561 618 648)
3(561 648 619)
3(619 648 618)
3(561 560 648)
3(619 561 649)
3(561 648 649)
3(619 649 648)
3(562 619 649)
3(562 649 620)
3(620 649 619)
3(562 561 649)
3(620 562 650)
3(562 649 650)
3(620 650 649)
3(563 620 650)
3(563 650 621)
3(621 650 620)
3(563 562 650)
3(621 563 651)
3(563 650 651)
3(621 651 650)
3(564 621 651)
3(564 651 622)
3(622 651 621)
3(564 563 651)
3(622 564 652)
3(564 651 652)
3(622 652 651)
3(565 622 652)
3(565 652 623)
3(623 652 622)
3(565 564 652)
3(623 565 653)
3(565 652 653)
3(623 653 652)
3(566 623 653)
3(566 653 624)
3(624 653 623)
3(566 565 653)
3(624 566 654)
3(566 653 654)
3(624 654 653)
3(567 624 654)
3(567 654 625)
3(625 654 624)
3(567 566 654)
3(625 567 655)
3(567 654 655)
3(625 655 654)
3(568 625 655)
3(568 655 626)
3(626 655 625)
3(568 567 655)
3(626 568 656)
3(568 655 656)
3(626 656 655)
3(569 626 656)
3(569 656 627)
3(627 656 626)
3(569 568 656)
3(627 569 657)
3(569 656 657)
3(627 657 656)
3(570 627 657)
3(570 657 628)
3(628 657 627)
3(570 569 657)
3(628 570 658)
3(570 657 658)
3(628 658 657)
3(571 628 658)
3(571 658 629)
3(629 658 628)
3(571 570 658)
3(629 571 509)
3(571 658 509)
3(629 509 658)
3(506 629 509)
3(508 509 629)
3(506 571 509)
3(152 149 659)
3(149 153 659)
3(152 659 153)
3(630 659 149)
3(543 659 630)
3(543 149 659)
3(152 630 659)
3(630 543 660)
3(543 659 660)
3(630 660 659)
3(631 660 543)
3(544 660 631)
3(544 543 660)
3(630 631 660)
3(631 544 661)
3(544 660 661)
3(631 661 660)
3(632 661 544)
3(545 661 632)
3(545 544 661)
3(631 632 661)
3(632 545 662)
3(545 661 662)
3(632 662 661)
3(633 662 545)
3(546 662 633)
3(546 545 662)
3(632 633 662)
3(633 546 663)
3(546 662 663)
3(633 663 662)
3(634 663 546)
3(547 663 634)
3(547 546 663)
3(633 634 663)
3(634 547 664)
3(547 663 664)
3(634 664 663)
3(635 664 547)
3(548 664 635)
3(548 547 664)
3(634 635 664)
3(635 548 665)
3(548 664 665)
3(635 665 664)
3(636 665 548)
3(549 665 636)
3(549 548 665)
3(635 636 665)
3(636 549 666)
3(549 665 666)
3(636 666 665)
3(637 666 549)
3(550 666 637)
3(550 549 666)
3(636 637 666)
3(637 550 667)
3(550 666 667)
3(637 667 666)
3(638 667 550)
3(551 667 638)
3(551 550 667)
3(637 638 667)
3(638 551 668)
3(551 667 668)
3(638 668 667)
3(639 668 551)
3(552 668 639)
3(552 551 668)
3(638 639 668)
3(639 552 669)
3(552 668 669)
3(639 669 668)
3(640 669 552)
3(553 669 640)
3(553 552 669)
3(639 640 669)
3(640 553 670)
3(553 669 670)
3(640 670 669)
3(641 670 553)
3(554 670 641)
3(554 553 670)
3(640 641 670)
3(641 554 671)
3(554 670 671)
3(641 671 670)
3(642 671 554)
3(555 671 642)
3(555 554 671)
3(641 642 671)
3(642 555 672)
3(555 671 672)
3(642 672 671)
3(643 672 555)
3(556 672 643)
3(556 555 672)
3(642 643 672)
3(643 556 673)
3(556 672 673)
3(643 673 672)
3(644 673 556)
3(557 673 644)
3(557 556 673)
3(643 644 673)
3(644 557 674)
3(557 673 674)
3(644 674 673)
3(645 674 557)
3(558 674 645)
3(558 557 674)
3(644 645 674)
3(645 558 675)
3(558 674 675)
3(645 675 674)
3(646 675 558)
3(559 675 646)
3(559 558 675)
3(645 646 675)
3(646 559 676)
3(559 675 676)
3(646 676 675)
3(647 676 559)
3(560 676 647)
3(560 559 676)
3(646 647 676)
3(647 560 677)
3(560 676 677)
3(647 677 676)
3(648 677 560)
3(561 677 648)
3(561 560 677)
3(647 648 677)
3(648 561 678)
3(561 677 678)
3(648 678 677)
3(649 678 561)
3(562 678 649)
3(562 561 678)
3(648 649 678)
3(649 562 679)
3(562 678 679)
3(649 679 678)
3(650 679 562)
3(563 679 650)
3(563 562 679)
3(649 650 679)
3(650 563 680)
3(563 679 680)
3(650 680 679)
3(651 680 563)
3(564 680 651)
3(564 563 680)
3(650 651 680)
3(651 564 681)
3(564 680 681)
3(651 681 680)
3(652 681 564)
3(565 681 652)
3(565 564 681)
3(651 652 681)
3(652 565 682)
3(565 681 682)
3(652 682 681)
3(653 682 565)
3(566 682 653)
3(566 565 682)
3(652 653 682)
3(653 566 683)
3(566 682 683)
3(653 683 682)
3(654 683 566)
3(567 683 654)
3(567 566 683)
3(653 654 683)
3(654 567 684)
3(567 683 684)
3(654 684 683)
3(655 684 567)
3(568 684 655)
3(568 567 684)
3(654 655 684)
3(655 568 685)
3(568 684 685)
3(655 685 684)
3(656 685 568)
3(569 685 656)
3(569 568 685)
3(655 656 685)
3(656 569 686)
3(569 685 686)
3(656 686 685)
3(657 686 569)
3(570 686 657)
3(570 569 686)
3(656 657 686)
3(657 570 687)
3(570 686 687)
3(657 687 686)
3(658 687 570)
3(571 687 658)
3(571 570 687)
3(657 658 687)
3(658 571 510)
3(571 687 510)
3(658 510 687)
3(509 510 571)
3(506 571 510)
3(658 509 510)
3(150 659 149)
3(150 153 659)
3(659 572 149)
3(659 543 572)
3(659 572 150)
3(572 660 543)
3(572 659 660)
3(660 573 543)
3(660 544 573)
3(660 573 572)
3(573 661 544)
3(573 660 661)
3(661 574 544)
3(661 545 574)
3(661 574 573)
3(574 662 545)
3(574 661 662)
3(662 575 545)
3(662 546 575)
3(662 575 574)
3(575 663 546)
3(575 662 663)
3(663 576 546)
3(663 547 576)
3(663 576 575)
3(576 664 547)
3(576 663 664)
3(664 577 547)
3(664 548 577)
3(664 577 576)
3(577 665 548)
3(577 664 665)
3(665 578 548)
3(665 549 578)
3(665 578 577)
3(578 666 549)
3(578 665 666)
3(666 579 549)
3(666 550 579)
3(666 579 578)
3(579 667 550)
3(579 666 667)
3(667 580 550)
3(667 551 580)
3(667 580 579)
3(580 668 551)
3(580 667 668)
3(668 581 551)
3(668 552 581)
3(668 581 580)
3(581 669 552)
3(581 668 669)
3(669 582 552)
3(669 553 582)
3(669 582 581)
3(582 670 553)
3(582 669 670)
3(670 583 553)
3(670 554 583)
3(670 583 582)
3(583 671 554)
3(583 670 671)
3(671 584 554)
3(671 555 584)
3(671 584 583)
3(584 672 555)
3(584 671 672)
3(672 585 555)
3(672 556 585)
3(672 585 584)
3(585 673 556)
3(585 672 673)
3(673 586 556)
3(673 557 586)
3(673 586 585)
3(586 674 557)
3(586 673 674)
3(674 587 557)
3(674 558 587)
3(674 587 586)
3(587 675 558)
3(587 674 675)
3(675 588 558)
3(675 559 588)
3(675 588 587)
3(588 676 559)
3(588 675 676)
3(676 589 559)
3(676 560 589)
3(676 589 588)
3(589 677 560)
3(589 676 677)
3(677 590 560)
3(677 561 590)
3(677 590 589)
3(590 678 561)
3(590 677 678)
3(678 591 561)
3(678 562 591)
3(678 591 590)
3(591 679 562)
3(591 678 679)
3(679 592 562)
3(679 563 592)
3(679 592 591)
3(592 680 563)
3(592 679 680)
3(680 593 563)
3(680 564 593)
3(680 593 592)
3(593 681 564)
3(593 680 681)
3(681 594 564)
3(681 565 594)
3(681 594 593)
3(594 682 565)
3(594 681 682)
3(682 595 565)
3(682 566 595)
3(682 595 594)
3(595 683 566)
3(595 682 683)
3(683 596 566)
3(683 567 596)
3(683 596 595)
3(596 684 567)
3(596 683 684)
3(684 597 567)
3(684 568 597)
3(684 597 596)
3(597 685 568)
3(597 684 685)
3(685 598 568)
3(685 569 598)
3(685 598 597)
3(598 686 569)
3(598 685 686)
3(686 599 569)
3(686 570 599)
3(686 599 598)
3(599 687 570)
3(599 686 687)
3(687 600 570)
3(687 571 600)
3(687 600 599)
3(600 510 571)
3(600 687 510)
3(510 507 571)
3(510 507 600)
3(153 150 389)
3(153 389 13)
3(659 389 150)
3(572 389 659)
3(153 659 389)
3(659 572 390)
3(659 390 389)
3(660 390 572)
3(573 390 660)
3(659 660 390)
3(660 573 391)
3(660 391 390)
3(661 391 573)
3(574 391 661)
3(660 661 391)
3(661 574 392)
3(661 392 391)
3(662 392 574)
3(575 392 662)
3(661 662 392)
3(662 575 393)
3(662 393 392)
3(663 393 575)
3(576 393 663)
3(662 663 393)
3(663 576 394)
3(663 394 393)
3(664 394 576)
3(577 394 664)
3(663 664 394)
3(664 577 395)
3(664 395 394)
3(665 395 577)
3(578 395 665)
3(664 665 395)
3(665 578 396)
3(665 396 395)
3(666 396 578)
3(579 396 666)
3(665 666 396)
3(666 579 397)
3(666 397 396)
3(667 397 579)
3(580 397 667)
3(666 667 397)
3(667 580 398)
3(667 398 397)
3(668 398 580)
3(581 398 668)
3(667 668 398)
3(668 581 399)
3(668 399 398)
3(669 399 581)
3(582 399 669)
3(668 669 399)
3(669 582 400)
3(669 400 399)
3(670 400 582)
3(583 400 670)
3(669 670 400)
3(670 583 401)
3(670 401 400)
3(671 401 583)
3(584 401 671)
3(670 671 401)
3(671 584 402)
3(671 402 401)
3(672 402 584)
3(585 402 672)
3(671 672 402)
3(672 585 403)
3(672 403 402)
3(673 403 585)
3(586 403 673)
3(672 673 403)
3(673 586 404)
3(673 404 403)
3(674 404 586)
3(587 404 674)
3(673 674 404)
3(674 587 405)
3(674 405 404)
3(675 405 587)
3(588 405 675)
3(674 675 405)
3(675 588 406)
3(675 406 405)
3(676 406 588)
3(589 406 676)
3(675 676 406)
3(676 589 407)
3(676 407 406)
3(677 407 589)
3(590 407 677)
3(676 677 407)
3(677 590 408)
3(677 408 407)
3(678 408 590)
3(591 408 678)
3(677 678 408)
3(678 591 409)
3(678 409 408)
3(679 409 591)
3(592 409 679)
3(678 679 409)
3(679 592 410)
3(679 410 409)
3(680 410 592)
3(593 410 680)
3(679 680 410)
3(680 593 411)
3(680 411 410)
3(681 411 593)
3(594 411 681)
3(680 681 411)
3(681 594 412)
3(681 412 411)
3(682 412 594)
3(595 412 682)
3(681 682 412)
3(682 595 413)
3(682 413 412)
3(683 413 595)
3(596 413 683)
3(682 683 413)
3(683 596 414)
3(683 414 413)
3(684 414 596)
3(597 414 684)
3(683 684 414)
3(684 597 415)
3(684 415 414)
3(685 415 597)
3(598 415 685)
3(684 685 415)
3(685 598 416)
3(685 416 415)
3(686 416 598)
3(599 416 686)
3(685 686 416)
3(686 599 417)
3(686 417 416)
3(687 417 599)
3(600 417 687)
3(686 687 417)
3(687 600 28)
3(687 28 417)
3(510 28 600)
3(687 510 28)
3(153 13 360)
3(153 360 12)
3(389 153 360)
3(389 360 659)
3(659 360 153)
3(659 389 361)
3(659 361 360)
3(390 659 361)
3(390 361 660)
3(660 361 659)
3(660 390 362)
3(660 362 361)
3(391 660 362)
3(391 362 661)
3(661 362 660)
3(661 391 363)
3(661 363 362)
3(392 661 363)
3(392 363 662)
3(662 363 661)
3(662 392 364)
3(662 364 363)
3(393 662 364)
3(393 364 663)
3(663 364 662)
3(663 393 365)
3(663 365 364)
3(394 663 365)
3(394 365 664)
3(664 365 663)
3(664 394 366)
3(664 366 365)
3(395 664 366)
3(395 366 665)
3(665 366 664)
3(665 395 367)
3(665 367 366)
3(396 665 367)
3(396 367 666)
3(666 367 665)
3(666 396 368)
3(666 368 367)
3(397 666 368)
3(397 368 667)
3(667 368 666)
3(667 397 369)
3(667 369 368)
3(398 667 369)
3(398 369 668)
3(668 369 667)
3(668 398 370)
3(668 370 369)
3(399 668 370)
3(399 370 669)
3(669 370 668)
3(669 399 371)
3(669 371 370)
3(400 669 371)
3(400 371 670)
3(670 371 669)
3(670 400 372)
3(670 372 371)
3(401 670 372)
3(401 372 671)
3(671 372 670)
3(671 401 373)
3(671 373 372)
3(402 671 373)
3(402 373 672)
3(672 373 671)
3(672 402 374)
3(672 374 373)
3(403 672 374)
3(403 374 673)
3(673 374 672)
3(673 403 375)
3(673 375 374)
3(404 673 375)
3(404 375 674)
3(674 375 673)
3(674 404 376)
3(674 376 375)
3(405 674 376)
3(405 376 675)
3(675 376 674)
3(675 405 377)
3(675 377 376)
3(406 675 377)
3(406 377 676)
3(676 377 675)
3(676 406 378)
3(676 378 377)
3(407 676 378)
3(407 378 677)
3(677 378 676)
3(677 407 379)
3(677 379 378)
3(408 677 379)
3(408 379 678)
3(678 379 677)
3(678 408 380)
3(678 380 379)
3(409 678 380)
3(409 380 679)
3(679 380 678)
3(679 409 381)
3(679 381 380)
3(410 679 381)
3(410 381 680)
3(680 381 679)
3(680 410 382)
3(680 382 381)
3(411 680 382)
3(411 382 681)
3(681 382 680)
3(681 411 383)
3(681 383 382)
3(412 681 383)
3(412 383 682)
3(682 383 681)
3(682 412 384)
3(682 384 383)
3(413 682 384)
3(413 384 683)
3(683 384 682)
3(683 413 385)
3(683 385 384)
3(414 683 385)
3(414 385 684)
3(684 385 683)
3(684 414 386)
3(684 386 385)
3(415 684 386)
3(415 386 685)
3(685 386 684)
3(685 415 387)
3(685 387 386)
3(416 685 387)
3(416 387 686)
3(686 387 685)
3(686 416 388)
3(686 388 387)
3(417 686 388)
3(417 388 687)
3(687 388 686)
3(687 417 27)
3(687 27 388)
3(28 687 27)
3(510 27 687)
3(19 18 601)
3(19 601 151)
3(186 19 601)
3(186 601 215)
3(215 601 19)
3(215 186 602)
3(215 602 601)
3(187 215 602)
3(187 602 216)
3(216 602 215)
3(216 187 603)
3(216 603 602)
3(188 216 603)
3(188 603 217)
3(217 603 216)
3(217 188 604)
3(217 604 603)
3(189 217 604)
3(189 604 218)
3(218 604 217)
3(218 189 605)
3(218 605 604)
3(190 218 605)
3(190 605 219)
3(219 605 218)
3(219 190 606)
3(219 606 605)
3(191 219 606)
3(191 606 220)
3(220 606 219)
3(220 191 607)
3(220 607 606)
3(192 220 607)
3(192 607 221)
3(221 607 220)
3(221 192 608)
3(221 608 607)
3(193 221 608)
3(193 608 222)
3(222 608 221)
3(222 193 609)
3(222 609 608)
3(194 222 609)
3(194 609 223)
3(223 609 222)
3(223 194 610)
3(223 610 609)
3(195 223 610)
3(195 610 224)
3(224 610 223)
3(224 195 611)
3(224 611 610)
3(196 224 611)
3(196 611 225)
3(225 611 224)
3(225 196 612)
3(225 612 611)
3(197 225 612)
3(197 612 226)
3(226 612 225)
3(226 197 613)
3(226 613 612)
3(198 226 613)
3(198 613 227)
3(227 613 226)
3(227 198 614)
3(227 614 613)
3(199 227 614)
3(199 614 228)
3(228 614 227)
3(228 199 615)
3(228 615 614)
3(200 228 615)
3(200 615 229)
3(229 615 228)
3(229 200 616)
3(229 616 615)
3(201 229 616)
3(201 616 230)
3(230 616 229)
3(230 201 617)
3(230 617 616)
3(202 230 617)
3(202 617 231)
3(231 617 230)
3(231 202 618)
3(231 618 617)
3(203 231 618)
3(203 618 232)
3(232 618 231)
3(232 203 619)
3(232 619 618)
3(204 232 619)
3(204 619 233)
3(233 619 232)
3(233 204 620)
3(233 620 619)
3(205 233 620)
3(205 620 234)
3(234 620 233)
3(234 205 621)
3(234 621 620)
3(206 234 621)
3(206 621 235)
3(235 621 234)
3(235 206 622)
3(235 622 621)
3(207 235 622)
3(207 622 236)
3(236 622 235)
3(236 207 623)
3(236 623 622)
3(208 236 623)
3(208 623 237)
3(237 623 236)
3(237 208 624)
3(237 624 623)
3(209 237 624)
3(209 624 238)
3(238 624 237)
3(238 209 625)
3(238 625 624)
3(210 238 625)
3(210 625 239)
3(239 625 238)
3(239 210 626)
3(239 626 625)
3(211 239 626)
3(211 626 240)
3(240 626 239)
3(240 211 627)
3(240 627 626)
3(212 240 627)
3(212 627 241)
3(241 627 240)
3(241 212 628)
3(241 628 627)
3(213 241 628)
3(213 628 242)
3(242 628 241)
3(242 213 629)
3(242 629 628)
3(214 242 629)
3(214 629 243)
3(243 629 242)
3(243 214 508)
3(243 508 629)
3(21 243 508)
3(22 508 243)
3(19 151 688)
3(151 154 688)
3(19 688 154)
3(601 19 688)
3(601 688 215)
3(215 688 19)
3(601 151 688)
3(215 601 689)
3(601 688 689)
3(215 689 688)
3(602 215 689)
3(602 689 216)
3(216 689 215)
3(602 601 689)
3(216 602 690)
3(602 689 690)
3(216 690 689)
3(603 216 690)
3(603 690 217)
3(217 690 216)
3(603 602 690)
3(217 603 691)
3(603 690 691)
3(217 691 690)
3(604 217 691)
3(604 691 218)
3(218 691 217)
3(604 603 691)
3(218 604 692)
3(604 691 692)
3(218 692 691)
3(605 218 692)
3(605 692 219)
3(219 692 218)
3(605 604 692)
3(219 605 693)
3(605 692 693)
3(219 693 692)
3(606 219 693)
3(606 693 220)
3(220 693 219)
3(606 605 693)
3(220 606 694)
3(606 693 694)
3(220 694 693)
3(607 220 694)
3(607 694 221)
3(221 694 220)
3(607 606 694)
3(221 607 695)
3(607 694 695)
3(221 695 694)
3(608 221 695)
3(608 695 222)
3(222 695 221)
3(608 607 695)
3(222 608 696)
3(608 695 696)
3(222 696 695)
3(609 222 696)
3(609 696 223)
3(223 696 222)
3(609 608 696)
3(223 609 697)
3(609 696 697)
3(223 697 696)
3(610 223 697)
3(610 697 224)
3(224 697 223)
3(610 609 697)
3(224 610 698)
3(610 697 698)
3(224 698 697)
3(611 224 698)
3(611 698 225)
3(225 698 224)
3(611 610 698)
3(225 611 699)
3(611 698 699)
3(225 699 698)
3(612 225 699)
3(612 699 226)
3(226 699 225)
3(612 611 699)
3(226 612 700)
3(612 699 700)
3(226 700 699)
3(613 226 700)
3(613 700 227)
3(227 700 226)
3(613 612 700)
3(227 613 701)
3(613 700 701)
3(227 701 700)
3(614 227 701)
3(614 701 228)
3(228 701 227)
3(614 613 701)
3(228 614 702)
3(614 701 702)
3(228 702 701)
3(615 228 702)
3(615 702 229)
3(229 702 228)
3(615 614 702)
3(229 615 703)
3(615 702 703)
3(229 703 702)
3(616 229 703)
3(616 703 230)
3(230 703 229)
3(616 615 703)
3(230 616 704)
3(616 703 704)
3(230 704 703)
3(617 230 704)
3(617 704 231)
3(231 704 230)
3(617 616 704)
3(231 617 705)
3(617 704 705)
3(231 705 704)
3(618 231 705)
3(618 705 232)
3(232 705 231)
3(618 617 705)
3(232 618 706)
3(618 705 706)
3(232 706 705)
3(619 232 706)
3(619 706 233)
3(233 706 232)
3(619 618 706)
3(233 619 707)
3(619 706 707)
3(233 707 706)
3(620 233 707)
3(620 707 234)
3(234 707 233)
3(620 619 707)
3(234 620 708)
3(620 707 708)
3(234 708 707)
3(621 234 708)
3(621 708 235)
3(235 708 234)
3(621 620 708)
3(235 621 709)
3(621 708 709)
3(235 709 708)
3(622 235 709)
3(622 709 236)
3(236 709 235)
3(622 621 709)
3(236 622 710)
3(622 709 710)
3(236 710 709)
3(623 236 710)
3(623 710 237)
3(237 710 236)
3(623 622 710)
3(237 623 711)
3(623 710 711)
3(237 711 710)
3(624 237 711)
3(624 711 238)
3(238 711 237)
3(624 623 711)
3(238 624 712)
3(624 711 712)
3(238 712 711)
3(625 238 712)
3(625 712 239)
3(239 712 238)
3(625 624 712)
3(239 625 713)
3(625 712 713)
3(239 713 712)
3(626 239 713)
3(626 713 240)
3(240 713 239)
3(626 625 713)
3(240 626 714)
3(626 713 714)
3(240 714 713)
3(627 240 714)
3(627 714 241)
3(241 714 240)
3(627 626 714)
3(241 627 715)
3(627 714 715)
3(241 715 714)
3(628 241 715)
3(628 715 242)
3(242 715 241)
3(628 627 715)
3(242 628 716)
3(628 715 716)
3(242 716 715)
3(629 242 716)
3(629 716 243)
3(243 716 242)
3(629 628 716)
3(243 629 511)
3(629 716 511)
3(243 511 716)
3(508 243 511)
3(22 511 243)
3(508 629 511)
3(154 151 717)
3(151 155 717)
3(154 717 155)
3(688 717 151)
3(601 717 688)
3(601 151 717)
3(154 688 717)
3(688 601 718)
3(601 717 718)
3(688 718 717)
3(689 718 601)
3(602 718 689)
3(602 601 718)
3(688 689 718)
3(689 602 719)
3(602 718 719)
3(689 719 718)
3(690 719 602)
3(603 719 690)
3(603 602 719)
3(689 690 719)
3(690 603 720)
3(603 719 720)
3(690 720 719)
3(691 720 603)
3(604 720 691)
3(604 603 720)
3(690 691 720)
3(691 604 721)
3(604 720 721)
3(691 721 720)
3(692 721 604)
3(605 721 692)
3(605 604 721)
3(691 692 721)
3(692 605 722)
3(605 721 722)
3(692 722 721)
3(693 722 605)
3(606 722 693)
3(606 605 722)
3(692 693 722)
3(693 606 723)
3(606 722 723)
3(693 723 722)
3(694 723 606)
3(607 723 694)
3(607 606 723)
3(693 694 723)
3(694 607 724)
3(607 723 724)
3(694 724 723)
3(695 724 607)
3(608 724 695)
3(608 607 724)
3(694 695 724)
3(695 608 725)
3(608 724 725)
3(695 725 724)
3(696 725 608)
3(609 725 696)
3(609 608 725)
3(695 696 725)
3(696 609 726)
3(609 725 726)
3(696 726 725)
3(697 726 609)
3(610 726 697)
3(610 609 726)
3(696 697 726)
3(697 610 727)
3(610 726 727)
3(697 727 726)
3(698 727 610)
3(611 727 698)
3(611 610 727)
3(697 698 727)
3(698 611 728)
3(611 727 728)
3(698 728 727)
3(699 728 611)
3(612 728 699)
3(612 611 728)
3(698 699 728)
3(699 612 729)
3(612 728 729)
3(699 729 728)
3(700 729 612)
3(613 729 700)
3(613 612 729)
3(699 700 729)
3(700 613 730)
3(613 729 730)
3(700 730 729)
3(701 730 613)
3(614 730 701)
3(614 613 730)
3(700 701 730)
3(701 614 731)
3(614 730 731)
3(701 731 730)
3(702 731 614)
3(615 731 702)
3(615 614 731)
3(701 702 731)
3(702 615 732)
3(615 731 732)
3(702 732 731)
3(703 732 615)
3(616 732 703)
3(616 615 732)
3(702 703 732)
3(703 616 733)
3(616 732 733)
3(703 733 732)
3(704 733 616)
3(617 733 704)
3(617 616 733)
3(703 704 733)
3(704 617 734)
3(617 733 734)
3(704 734 733)
3(705 734 617)
3(618 734 705)
3(618 617 734)
3(704 705 734)
3(705 618 735)
3(618 734 735)
3(705 735 734)
3(706 735 618)
3(619 735 706)
3(619 618 735)
3(705 706 735)
3(706 619 736)
3(619 735 736)
3(706 736 735)
3(707 736 619)
3(620 736 707)
3(620 619 736)
3(706 707 736)
3(707 620 737)
3(620 736 737)
3(707 737 736)
3(708 737 620)
3(621 737 708)
3(621 620 737)
3(707 708 737)
3(708 621 738)
3(621 737 738)
3(708 738 737)
3(709 738 621)
3(622 738 709)
3(622 621 738)
3(708 709 738)
3(709 622 739)
3(622 738 739)
3(709 739 738)
3(710 739 622)
3(623 739 710)
3(623 622 739)
3(709 710 739)
3(710 623 740)
3(623 739 740)
3(710 740 739)
3(711 740 623)
3(624 740 711)
3(624 623 740)
3(710 711 740)
3(711 624 741)
3(624 740 741)
3(711 741 740)
3(712 741 624)
3(625 741 712)
3(625 624 741)
3(711 712 741)
3(712 625 742)
3(625 741 742)
3(712 742 741)
3(713 742 625)
3(626 742 713)
3(626 625 742)
3(712 713 742)
3(713 626 743)
3(626 742 743)
3(713 743 742)
3(714 743 626)
3(627 743 714)
3(627 626 743)
3(713 714 743)
3(714 627 744)
3(627 743 744)
3(714 744 743)
3(715 744 627)
3(628 744 715)
3(628 627 744)
3(714 715 744)
3(715 628 745)
3(628 744 745)
3(715 745 744)
3(716 745 628)
3(629 745 716)
3(629 628 745)
3(715 716 745)
3(716 629 512)
3(629 745 512)
3(716 512 745)
3(511 512 629)
3(508 629 512)
3(716 511 512)
3(152 717 151)
3(152 155 717)
3(717 630 151)
3(717 601 630)
3(717 630 152)
3(630 718 601)
3(630 717 718)
3(718 631 601)
3(718 602 631)
3(718 631 630)
3(631 719 602)
3(631 718 719)
3(719 632 602)
3(719 603 632)
3(719 632 631)
3(632 720 603)
3(632 719 720)
3(720 633 603)
3(720 604 633)
3(720 633 632)
3(633 721 604)
3(633 720 721)
3(721 634 604)
3(721 605 634)
3(721 634 633)
3(634 722 605)
3(634 721 722)
3(722 635 605)
3(722 606 635)
3(722 635 634)
3(635 723 606)
3(635 722 723)
3(723 636 606)
3(723 607 636)
3(723 636 635)
3(636 724 607)
3(636 723 724)
3(724 637 607)
3(724 608 637)
3(724 637 636)
3(637 725 608)
3(637 724 725)
3(725 638 608)
3(725 609 638)
3(725 638 637)
3(638 726 609)
3(638 725 726)
3(726 639 609)
3(726 610 639)
3(726 639 638)
3(639 727 610)
3(639 726 727)
3(727 640 610)
3(727 611 640)
3(727 640 639)
3(640 728 611)
3(640 727 728)
3(728 641 611)
3(728 612 641)
3(728 641 640)
3(641 729 612)
3(641 728 729)
3(729 642 612)
3(729 613 642)
3(729 642 641)
3(642 730 613)
3(642 729 730)
3(730 643 613)
3(730 614 643)
3(730 643 642)
3(643 731 614)
3(643 730 731)
3(731 644 614)
3(731 615 644)
3(731 644 643)
3(644 732 615)
3(644 731 732)
3(732 645 615)
3(732 616 645)
3(732 645 644)
3(645 733 616)
3(645 732 733)
3(733 646 616)
3(733 617 646)
3(733 646 645)
3(646 734 617)
3(646 733 734)
3(734 647 617)
3(734 618 647)
3(734 647 646)
3(647 735 618)
3(647 734 735)
3(735 648 618)
3(735 619 648)
3(735 648 647)
3(648 736 619)
3(648 735 736)
3(736 649 619)
3(736 620 649)
3(736 649 648)
3(649 737 620)
3(649 736 737)
3(737 650 620)
3(737 621 650)
3(737 650 649)
3(650 738 621)
3(650 737 738)
3(738 651 621)
3(738 622 651)
3(738 651 650)
3(651 739 622)
3(651 738 739)
3(739 652 622)
3(739 623 652)
3(739 652 651)
3(652 740 623)
3(652 739 740)
3(740 653 623)
3(740 624 653)
3(740 653 652)
3(653 741 624)
3(653 740 741)
3(741 654 624)
3(741 625 654)
3(741 654 653)
3(654 742 625)
3(654 741 742)
3(742 655 625)
3(742 626 655)
3(742 655 654)
3(655 743 626)
3(655 742 743)
3(743 656 626)
3(743 627 656)
3(743 656 655)
3(656 744 627)
3(656 743 744)
3(744 657 627)
3(744 628 657)
3(744 657 656)
3(657 745 628)
3(657 744 745)
3(745 658 628)
3(745 629 658)
3(745 658 657)
3(658 512 629)
3(658 745 512)
3(512 509 629)
3(512 509 658)
3(155 152 659)
3(155 659 153)
3(717 659 152)
3(630 659 717)
3(155 717 659)
3(717 630 660)
3(717 660 659)
3(718 660 630)
3(631 660 718)
3(717 718 660)
3(718 631 661)
3(718 661 660)
3(719 661 631)
3(632 661 719)
3(718 719 661)
3(719 632 662)
3(719 662 661)
3(720 662 632)
3(633 662 720)
3(719 720 662)
3(720 633 663)
3(720 663 662)
3(721 663 633)
3(634 663 721)
3(720 721 663)
3(721 634 664)
3(721 664 663)
3(722 664 634)
3(635 664 722)
3(721 722 664)
3(722 635 665)
3(722 665 664)
3(723 665 635)
3(636 665 723)
3(722 723 665)
3(723 636 666)
3(723 666 665)
3(724 666 636)
3(637 666 724)
3(723 724 666)
3(724 637 667)
3(724 667 666)
3(725 667 637)
3(638 667 725)
3(724 725 667)
3(725 638 668)
3(725 668 667)
3(726 668 638)
3(639 668 726)
3(725 726 668)
3(726 639 669)
3(726 669 668)
3(727 669 639)
3(640 669 727)
3(726 727 669)
3(727 640 670)
3(727 670 669)
3(728 670 640)
3(641 670 728)
3(727 728 670)
3(728 641 671)
3(728 671 670)
3(729 671 641)
3(642 671 729)
3(728 729 671)
3(729 642 672)
3(729 672 671)
3(730 672 642)
3(643 672 730)
3(729 730 672)
3(730 643 673)
3(730 673 672)
3(731 673 643)
3(644 673 731)
3(730 731 673)
3(731 644 674)
3(731 674 673)
3(732 674 644)
3(645 674 732)
3(731 732 674)
3(732 645 675)
3(732 675 674)
3(733 675 645)
3(646 675 733)
3(732 733 675)
3(733 646 676)
3(733 676 675)
3(734 676 646)
3(647 676 734)
3(733 734 676)
3(734 647 677)
3(734 677 676)
3(735 677 647)
3(648 677 735)
3(734 735 677)
3(735 648 678)
3(735 678 677)
3(736 678 648)
3(649 678 736)
3(735 736 678)
3(736 649 679)
3(736 679 678)
3(737 679 649)
3(650 679 737)
3(736 737 679)
3(737 650 680)
3(737 680 679)
3(738 680 650)
3(651 680 738)
3(737 738 680)
3(738 651 681)
3(738 681 680)
3(739 681 651)
3(652 681 739)
3(738 739 681)
3(739 652 682)
3(739 682 681)
3(740 682 652)
3(653 682 740)
3(739 740 682)
3(740 653 683)
3(740 683 682)
3(741 683 653)
3(654 683 741)
3(740 741 683)
3(741 654 684)
3(741 684 683)
3(742 684 654)
3(655 684 742)
3(741 742 684)
3(742 655 685)
3(742 685 684)
3(743 685 655)
3(656 685 743)
3(742 743 685)
3(743 656 686)
3(743 686 685)
3(744 686 656)
3(657 686 744)
3(743 744 686)
3(744 657 687)
3(744 687 686)
3(745 687 657)
3(658 687 745)
3(744 745 687)
3(745 658 510)
3(745 510 687)
3(512 510 658)
3(745 512 510)
3(155 153 746)
3(153 156 746)
3(155 746 156)
3(659 155 746)
3(659 746 717)
3(717 746 155)
3(659 153 746)
3(717 659 747)
3(659 746 747)
3(717 747 746)
3(660 717 747)
3(660 747 718)
3(718 747 717)
3(660 659 747)
3(718 660 748)
3(660 747 748)
3(718 748 747)
3(661 718 748)
3(661 748 719)
3(719 748 718)
3(661 660 748)
3(719 661 749)
3(661 748 749)
3(719 749 748)
3(662 719 749)
3(662 749 720)
3(720 749 719)
3(662 661 749)
3(720 662 750)
3(662 749 750)
3(720 750 749)
3(663 720 750)
3(663 750 721)
3(721 750 720)
3(663 662 750)
3(721 663 751)
3(663 750 751)
3(721 751 750)
3(664 721 751)
3(664 751 722)
3(722 751 721)
3(664 663 751)
3(722 664 752)
3(664 751 752)
3(722 752 751)
3(665 722 752)
3(665 752 723)
3(723 752 722)
3(665 664 752)
3(723 665 753)
3(665 752 753)
3(723 753 752)
3(666 723 753)
3(666 753 724)
3(724 753 723)
3(666 665 753)
3(724 666 754)
3(666 753 754)
3(724 754 753)
3(667 724 754)
3(667 754 725)
3(725 754 724)
3(667 666 754)
3(725 667 755)
3(667 754 755)
3(725 755 754)
3(668 725 755)
3(668 755 726)
3(726 755 725)
3(668 667 755)
3(726 668 756)
3(668 755 756)
3(726 756 755)
3(669 726 756)
3(669 756 727)
3(727 756 726)
3(669 668 756)
3(727 669 757)
3(669 756 757)
3(727 757 756)
3(670 727 757)
3(670 757 728)
3(728 757 727)
3(670 669 757)
3(728 670 758)
3(670 757 758)
3(728 758 757)
3(671 728 758)
3(671 758 729)
3(729 758 728)
3(671 670 758)
3(729 671 759)
3(671 758 759)
3(729 759 758)
3(672 729 759)
3(672 759 730)
3(730 759 729)
3(672 671 759)
3(730 672 760)
3(672 759 760)
3(730 760 759)
3(673 730 760)
3(673 760 731)
3(731 760 730)
3(673 672 760)
3(731 673 761)
3(673 760 761)
3(731 761 760)
3(674 731 761)
3(674 761 732)
3(732 761 731)
3(674 673 761)
3(732 674 762)
3(674 761 762)
3(732 762 761)
3(675 732 762)
3(675 762 733)
3(733 762 732)
3(675 674 762)
3(733 675 763)
3(675 762 763)
3(733 763 762)
3(676 733 763)
3(676 763 734)
3(734 763 733)
3(676 675 763)
3(734 676 764)
3(676 763 764)
3(734 764 763)
3(677 734 764)
3(677 764 735)
3(735 764 734)
3(677 676 764)
3(735 677 765)
3(677 764 765)
3(735 765 764)
3(678 735 765)
3(678 765 736)
3(736 765 735)
3(678 677 765)
3(736 678 766)
3(678 765 766)
3(736 766 765)
3(679 736 766)
3(679 766 737)
3(737 766 736)
3(679 678 766)
3(737 679 767)
3(679 766 767)
3(737 767 766)
3(680 737 767)
3(680 767 738)
3(738 767 737)
3(680 679 767)
3(738 680 768)
3(680 767 768)
3(738 768 767)
3(681 738 768)
3(681 768 739)
3(739 768 738)
3(681 680 768)
3(739 681 769)
3(681 768 769)
3(739 769 768)
3(682 739 769)
3(682 769 740)
3(740 769 739)
3(682 681 769)
3(740 682 770)
3(682 769 770)
3(740 770 769)
3(683 740 770)
3(683 770 741)
3(741 770 740)
3(683 682 770)
3(741 683 771)
3(683 770 771)
3(741 771 770)
3(684 741 771)
3(684 771 742)
3(742 771 741)
3(684 683 771)
3(742 684 772)
3(684 771 772)
3(742 772 771)
3(685 742 772)
3(685 772 743)
3(743 772 742)
3(685 684 772)
3(743 685 773)
3(685 772 773)
3(743 773 772)
3(686 743 773)
3(686 773 744)
3(744 773 743)
3(686 685 773)
3(744 686 774)
3(686 773 774)
3(744 774 773)
3(687 744 774)
3(687 774 745)
3(745 774 744)
3(687 686 774)
3(745 687 513)
3(687 774 513)
3(745 513 774)
3(510 745 513)
3(512 513 745)
3(510 687 513)
3(156 153 331)
3(153 11 331)
3(156 331 11)
3(746 331 153)
3(659 331 746)
3(659 153 331)
3(156 746 331)
3(746 659 332)
3(659 331 332)
3(746 332 331)
3(747 332 659)
3(660 332 747)
3(660 659 332)
3(746 747 332)
3(747 660 333)
3(660 332 333)
3(747 333 332)
3(748 333 660)
3(661 333 748)
3(661 660 333)
3(747 748 333)
3(748 661 334)
3(661 333 334)
3(748 334 333)
3(749 334 661)
3(662 334 749)
3(662 661 334)
3(748 749 334)
3(749 662 335)
3(662 334 335)
3(749 335 334)
3(750 335 662)
3(663 335 750)
3(663 662 335)
3(749 750 335)
3(750 663 336)
3(663 335 336)
3(750 336 335)
3(751 336 663)
3(664 336 751)
3(664 663 336)
3(750 751 336)
3(751 664 337)
3(664 336 337)
3(751 337 336)
3(752 337 664)
3(665 337 752)
3(665 664 337)
3(751 752 337)
3(752 665 338)
3(665 337 338)
3(752 338 337)
3(753 338 665)
3(666 338 753)
3(666 665 338)
3(752 753 338)
3(753 666 339)
3(666 338 339)
3(753 339 338)
3(754 339 666)
3(667 339 754)
3(667 666 339)
3(753 754 339)
3(754 667 340)
3(667 339 340)
3(754 340 339)
3(755 340 667)
3(668 340 755)
3(668 667 340)
3(754 755 340)
3(755 668 341)
3(668 340 341)
3(755 341 340)
3(756 341 668)
3(669 341 756)
3(669 668 341)
3(755 756 341)
3(756 669 342)
3(669 341 342)
3(756 342 341)
3(757 342 669)
3(670 342 757)
3(670 669 342)
3(756 757 342)
3(757 670 343)
3(670 342 343)
3(757 343 342)
3(758 343 670)
3(671 343 758)
3(671 670 343)
3(757 758 343)
3(758 671 344)
3(671 343 344)
3(758 344 343)
3(759 344 671)
3(672 344 759)
3(672 671 344)
3(758 759 344)
3(759 672 345)
3(672 344 345)
3(759 345 344)
3(760 345 672)
3(673 345 760)
3(673 672 345)
3(759 760 345)
3(760 673 346)
3(673 345 346)
3(760 346 345)
3(761 346 673)
3(674 346 761)
3(674 673 346)
3(760 761 346)
3(761 674 347)
3(674 346 347)
3(761 347 346)
3(762 347 674)
3(675 347 762)
3(675 674 347)
3(761 762 347)
3(762 675 348)
3(675 347 348)
3(762 348 347)
3(763 348 675)
3(676 348 763)
3(676 675 348)
3(762 763 348)
3(763 676 349)
3(676 348 349)
3(763 349 348)
3(764 349 676)
3(677 349 764)
3(677 676 349)
3(763 764 349)
3(764 677 350)
3(677 349 350)
3(764 350 349)
3(765 350 677)
3(678 350 765)
3(678 677 350)
3(764 765 350)
3(765 678 351)
3(678 350 351)
3(765 351 350)
3(766 351 678)
3(679 351 766)
3(679 678 351)
3(765 766 351)
3(766 679 352)
3(679 351 352)
3(766 352 351)
3(767 352 679)
3(680 352 767)
3(680 679 352)
3(766 767 352)
3(767 680 353)
3(680 352 353)
3(767 353 352)
3(768 353 680)
3(681 353 768)
3(681 680 353)
3(767 768 353)
3(768 681 354)
3(681 353 354)
3(768 354 353)
3(769 354 681)
3(682 354 769)
3(682 681 354)
3(768 769 354)
3(769 682 355)
3(682 354 355)
3(769 355 354)
3(770 355 682)
3(683 355 770)
3(683 682 355)
3(769 770 355)
3(770 683 356)
3(683 355 356)
3(770 356 355)
3(771 356 683)
3(684 356 771)
3(684 683 356)
3(770 771 356)
3(771 684 357)
3(684 356 357)
3(771 357 356)
3(772 357 684)
3(685 357 772)
3(685 684 357)
3(771 772 357)
3(772 685 358)
3(685 357 358)
3(772 358 357)
3(773 358 685)
3(686 358 773)
3(686 685 358)
3(772 773 358)
3(773 686 359)
3(686 358 359)
3(773 359 358)
3(774 359 686)
3(687 359 774)
3(687 686 359)
3(773 774 359)
3(774 687 26)
3(687 359 26)
3(774 26 359)
3(513 26 687)
3(510 687 26)
3(774 513 26)
3(12 331 153)
3(331 360 153)
3(331 659 360)
3(360 332 659)
3(332 361 659)
3(332 660 361)
3(361 333 660)
3(333 362 660)
3(333 661 362)
3(362 334 661)
3(334 363 661)
3(334 662 363)
3(363 335 662)
3(335 364 662)
3(335 663 364)
3(364 336 663)
3(336 365 663)
3(336 664 365)
3(365 337 664)
3(337 366 664)
3(337 665 366)
3(366 338 665)
3(338 367 665)
3(338 666 367)
3(367 339 666)
3(339 368 666)
3(339 667 368)
3(368 340 667)
3(340 369 667)
3(340 668 369)
3(369 341 668)
3(341 370 668)
3(341 669 370)
3(370 342 669)
3(342 371 669)
3(342 670 371)
3(371 343 670)
3(343 372 670)
3(343 671 372)
3(372 344 671)
3(344 373 671)
3(344 672 373)
3(373 345 672)
3(345 374 672)
3(345 673 374)
3(374 346 673)
3(346 375 673)
3(346 674 375)
3(375 347 674)
3(347 376 674)
3(347 675 376)
3(376 348 675)
3(348 377 675)
3(348 676 377)
3(377 349 676)
3(349 378 676)
3(349 677 378)
3(378 350 677)
3(350 379 677)
3(350 678 379)
3(379 351 678)
3(351 380 678)
3(351 679 380)
3(380 352 679)
3(352 381 679)
3(352 680 381)
3(381 353 680)
3(353 382 680)
3(353 681 382)
3(382 354 681)
3(354 383 681)
3(354 682 383)
3(383 355 682)
3(355 384 682)
3(355 683 384)
3(384 356 683)
3(356 385 683)
3(356 684 385)
3(385 357 684)
3(357 386 684)
3(357 685 386)
3(386 358 685)
3(358 387 685)
3(358 686 387)
3(387 359 686)
3(359 388 686)
3(359 687 388)
3(388 26 687)
3(26 27 687)
3(2 19 244)
3(19 8 244)
3(215 2 244)
3(215 244 61)
3(215 19 244)
3(61 215 245)
3(215 244 245)
3(216 61 245)
3(216 245 62)
3(216 215 245)
3(62 216 246)
3(216 245 246)
3(217 62 246)
3(217 246 63)
3(217 216 246)
3(63 217 247)
3(217 246 247)
3(218 63 247)
3(218 247 64)
3(218 217 247)
3(64 218 248)
3(218 247 248)
3(219 64 248)
3(219 248 65)
3(219 218 248)
3(65 219 249)
3(219 248 249)
3(220 65 249)
3(220 249 66)
3(220 219 249)
3(66 220 250)
3(220 249 250)
3(221 66 250)
3(221 250 67)
3(221 220 250)
3(67 221 251)
3(221 250 251)
3(222 67 251)
3(222 251 68)
3(222 221 251)
3(68 222 252)
3(222 251 252)
3(223 68 252)
3(223 252 69)
3(223 222 252)
3(69 223 253)
3(223 252 253)
3(224 69 253)
3(224 253 70)
3(224 223 253)
3(70 224 254)
3(224 253 254)
3(225 70 254)
3(225 254 71)
3(225 224 254)
3(71 225 255)
3(225 254 255)
3(226 71 255)
3(226 255 72)
3(226 225 255)
3(72 226 256)
3(226 255 256)
3(227 72 256)
3(227 256 73)
3(227 226 256)
3(73 227 257)
3(227 256 257)
3(228 73 257)
3(228 257 74)
3(228 227 257)
3(74 228 258)
3(228 257 258)
3(229 74 258)
3(229 258 75)
3(229 228 258)
3(75 229 259)
3(229 258 259)
3(230 75 259)
3(230 259 76)
3(230 229 259)
3(76 230 260)
3(230 259 260)
3(231 76 260)
3(231 260 77)
3(231 230 260)
3(77 231 261)
3(231 260 261)
3(232 77 261)
3(232 261 78)
3(232 231 261)
3(78 232 262)
3(232 261 262)
3(233 78 262)
3(233 262 79)
3(233 232 262)
3(79 233 263)
3(233 262 263)
3(234 79 263)
3(234 263 80)
3(234 233 263)
3(80 234 264)
3(234 263 264)
3(235 80 264)
3(235 264 81)
3(235 234 264)
3(81 235 265)
3(235 264 265)
3(236 81 265)
3(236 265 82)
3(236 235 265)
3(82 236 266)
3(236 265 266)
3(237 82 266)
3(237 266 83)
3(237 236 266)
3(83 237 267)
3(237 266 267)
3(238 83 267)
3(238 267 84)
3(238 237 267)
3(84 238 268)
3(238 267 268)
3(239 84 268)
3(239 268 85)
3(239 238 268)
3(85 239 269)
3(239 268 269)
3(240 85 269)
3(240 269 86)
3(240 239 269)
3(86 240 270)
3(240 269 270)
3(241 86 270)
3(241 270 87)
3(241 240 270)
3(87 241 271)
3(241 270 271)
3(242 87 271)
3(242 271 88)
3(242 241 271)
3(88 242 272)
3(242 271 272)
3(243 88 272)
3(243 272 89)
3(243 242 272)
3(89 243 23)
3(243 272 23)
3(22 89 23)
3(22 243 23)
3(154 244 19)
3(154 8 244)
3(244 688 19)
3(244 215 688)
3(244 688 154)
3(688 245 215)
3(688 244 245)
3(245 689 215)
3(245 216 689)
3(245 689 688)
3(689 246 216)
3(689 245 246)
3(246 690 216)
3(246 217 690)
3(246 690 689)
3(690 247 217)
3(690 246 247)
3(247 691 217)
3(247 218 691)
3(247 691 690)
3(691 248 218)
3(691 247 248)
3(248 692 218)
3(248 219 692)
3(248 692 691)
3(692 249 219)
3(692 248 249)
3(249 693 219)
3(249 220 693)
3(249 693 692)
3(693 250 220)
3(693 249 250)
3(250 694 220)
3(250 221 694)
3(250 694 693)
3(694 251 221)
3(694 250 251)
3(251 695 221)
3(251 222 695)
3(251 695 694)
3(695 252 222)
3(695 251 252)
3(252 696 222)
3(252 223 696)
3(252 696 695)
3(696 253 223)
3(696 252 253)
3(253 697 223)
3(253 224 697)
3(253 697 696)
3(697 254 224)
3(697 253 254)
3(254 698 224)
3(254 225 698)
3(254 698 697)
3(698 255 225)
3(698 254 255)
3(255 699 225)
3(255 226 699)
3(255 699 698)
3(699 256 226)
3(699 255 256)
3(256 700 226)
3(256 227 700)
3(256 700 699)
3(700 257 227)
3(700 256 257)
3(257 701 227)
3(257 228 701)
3(257 701 700)
3(701 258 228)
3(701 257 258)
3(258 702 228)
3(258 229 702)
3(258 702 701)
3(702 259 229)
3(702 258 259)
3(259 703 229)
3(259 230 703)
3(259 703 702)
3(703 260 230)
3(703 259 260)
3(260 704 230)
3(260 231 704)
3(260 704 703)
3(704 261 231)
3(704 260 261)
3(261 705 231)
3(261 232 705)
3(261 705 704)
3(705 262 232)
3(705 261 262)
3(262 706 232)
3(262 233 706)
3(262 706 705)
3(706 263 233)
3(706 262 263)
3(263 707 233)
3(263 234 707)
3(263 707 706)
3(707 264 234)
3(707 263 264)
3(264 708 234)
3(264 235 708)
3(264 708 707)
3(708 265 235)
3(708 264 265)
3(265 709 235)
3(265 236 709)
3(265 709 708)
3(709 266 236)
3(709 265 266)
3(266 710 236)
3(266 237 710)
3(266 710 709)
3(710 267 237)
3(710 266 267)
3(267 711 237)
3(267 238 711)
3(267 711 710)
3(711 268 238)
3(711 267 268)
3(268 712 238)
3(268 239 712)
3(268 712 711)
3(712 269 239)
3(712 268 269)
3(269 713 239)
3(269 240 713)
3(269 713 712)
3(713 270 240)
3(713 269 270)
3(270 714 240)
3(270 241 714)
3(270 714 713)
3(714 271 241)
3(714 270 271)
3(271 715 241)
3(271 242 715)
3(271 715 714)
3(715 272 242)
3(715 271 272)
3(272 716 242)
3(272 243 716)
3(272 716 715)
3(716 23 243)
3(716 272 23)
3(23 511 243)
3(23 511 716)
3(8 154 717)
3(8 717 155)
3(244 717 154)
3(688 717 244)
3(8 244 717)
3(244 688 718)
3(244 718 717)
3(245 718 688)
3(689 718 245)
3(244 245 718)
3(245 689 719)
3(245 719 718)
3(246 719 689)
3(690 719 246)
3(245 246 719)
3(246 690 720)
3(246 720 719)
3(247 720 690)
3(691 720 247)
3(246 247 720)
3(247 691 721)
3(247 721 720)
3(248 721 691)
3(692 721 248)
3(247 248 721)
3(248 692 722)
3(248 722 721)
3(249 722 692)
3(693 722 249)
3(248 249 722)
3(249 693 723)
3(249 723 722)
3(250 723 693)
3(694 723 250)
3(249 250 723)
3(250 694 724)
3(250 724 723)
3(251 724 694)
3(695 724 251)
3(250 251 724)
3(251 695 725)
3(251 725 724)
3(252 725 695)
3(696 725 252)
3(251 252 725)
3(252 696 726)
3(252 726 725)
3(253 726 696)
3(697 726 253)
3(252 253 726)
3(253 697 727)
3(253 727 726)
3(254 727 697)
3(698 727 254)
3(253 254 727)
3(254 698 728)
3(254 728 727)
3(255 728 698)
3(699 728 255)
3(254 255 728)
3(255 699 729)
3(255 729 728)
3(256 729 699)
3(700 729 256)
3(255 256 729)
3(256 700 730)
3(256 730 729)
3(257 730 700)
3(701 730 257)
3(256 257 730)
3(257 701 731)
3(257 731 730)
3(258 731 701)
3(702 731 258)
3(257 258 731)
3(258 702 732)
3(258 732 731)
3(259 732 702)
3(703 732 259)
3(258 259 732)
3(259 703 733)
3(259 733 732)
3(260 733 703)
3(704 733 260)
3(259 260 733)
3(260 704 734)
3(260 734 733)
3(261 734 704)
3(705 734 261)
3(260 261 734)
3(261 705 735)
3(261 735 734)
3(262 735 705)
3(706 735 262)
3(261 262 735)
3(262 706 736)
3(262 736 735)
3(263 736 706)
3(707 736 263)
3(262 263 736)
3(263 707 737)
3(263 737 736)
3(264 737 707)
3(708 737 264)
3(263 264 737)
3(264 708 738)
3(264 738 737)
3(265 738 708)
3(709 738 265)
3(264 265 738)
3(265 709 739)
3(265 739 738)
3(266 739 709)
3(710 739 266)
3(265 266 739)
3(266 710 740)
3(266 740 739)
3(267 740 710)
3(711 740 267)
3(266 267 740)
3(267 711 741)
3(267 741 740)
3(268 741 711)
3(712 741 268)
3(267 268 741)
3(268 712 742)
3(268 742 741)
3(269 742 712)
3(713 742 269)
3(268 269 742)
3(269 713 743)
3(269 743 742)
3(270 743 713)
3(714 743 270)
3(269 270 743)
3(270 714 744)
3(270 744 743)
3(271 744 714)
3(715 744 271)
3(270 271 744)
3(271 715 745)
3(271 745 744)
3(272 745 715)
3(716 745 272)
3(271 272 745)
3(272 716 512)
3(272 512 745)
3(23 512 716)
3(272 23 512)
3(8 155 273)
3(155 9 273)
3(717 8 273)
3(717 273 244)
3(717 155 273)
3(244 717 274)
3(717 273 274)
3(718 244 274)
3(718 274 245)
3(718 717 274)
3(245 718 275)
3(718 274 275)
3(719 245 275)
3(719 275 246)
3(719 718 275)
3(246 719 276)
3(719 275 276)
3(720 246 276)
3(720 276 247)
3(720 719 276)
3(247 720 277)
3(720 276 277)
3(721 247 277)
3(721 277 248)
3(721 720 277)
3(248 721 278)
3(721 277 278)
3(722 248 278)
3(722 278 249)
3(722 721 278)
3(249 722 279)
3(722 278 279)
3(723 249 279)
3(723 279 250)
3(723 722 279)
3(250 723 280)
3(723 279 280)
3(724 250 280)
3(724 280 251)
3(724 723 280)
3(251 724 281)
3(724 280 281)
3(725 251 281)
3(725 281 252)
3(725 724 281)
3(252 725 282)
3(725 281 282)
3(726 252 282)
3(726 282 253)
3(726 725 282)
3(253 726 283)
3(726 282 283)
3(727 253 283)
3(727 283 254)
3(727 726 283)
3(254 727 284)
3(727 283 284)
3(728 254 284)
3(728 284 255)
3(728 727 284)
3(255 728 285)
3(728 284 285)
3(729 255 285)
3(729 285 256)
3(729 728 285)
3(256 729 286)
3(729 285 286)
3(730 256 286)
3(730 286 257)
3(730 729 286)
3(257 730 287)
3(730 286 287)
3(731 257 287)
3(731 287 258)
3(731 730 287)
3(258 731 288)
3(731 287 288)
3(732 258 288)
3(732 288 259)
3(732 731 288)
3(259 732 289)
3(732 288 289)
3(733 259 289)
3(733 289 260)
3(733 732 289)
3(260 733 290)
3(733 289 290)
3(734 260 290)
3(734 290 261)
3(734 733 290)
3(261 734 291)
3(734 290 291)
3(735 261 291)
3(735 291 262)
3(735 734 291)
3(262 735 292)
3(735 291 292)
3(736 262 292)
3(736 292 263)
3(736 735 292)
3(263 736 293)
3(736 292 293)
3(737 263 293)
3(737 293 264)
3(737 736 293)
3(264 737 294)
3(737 293 294)
3(738 264 294)
3(738 294 265)
3(738 737 294)
3(265 738 295)
3(738 294 295)
3(739 265 295)
3(739 295 266)
3(739 738 295)
3(266 739 296)
3(739 295 296)
3(740 266 296)
3(740 296 267)
3(740 739 296)
3(267 740 297)
3(740 296 297)
3(741 267 297)
3(741 297 268)
3(741 740 297)
3(268 741 298)
3(741 297 298)
3(742 268 298)
3(742 298 269)
3(742 741 298)
3(269 742 299)
3(742 298 299)
3(743 269 299)
3(743 299 270)
3(743 742 299)
3(270 743 300)
3(743 299 300)
3(744 270 300)
3(744 300 271)
3(744 743 300)
3(271 744 301)
3(744 300 301)
3(745 271 301)
3(745 301 272)
3(745 744 301)
3(272 745 24)
3(745 301 24)
3(512 272 24)
3(512 745 24)
3(9 155 302)
3(155 10 302)
3(273 302 155)
3(717 302 273)
3(717 155 302)
3(273 717 303)
3(717 302 303)
3(274 303 717)
3(718 303 274)
3(718 717 303)
3(274 718 304)
3(718 303 304)
3(275 304 718)
3(719 304 275)
3(719 718 304)
3(275 719 305)
3(719 304 305)
3(276 305 719)
3(720 305 276)
3(720 719 305)
3(276 720 306)
3(720 305 306)
3(277 306 720)
3(721 306 277)
3(721 720 306)
3(277 721 307)
3(721 306 307)
3(278 307 721)
3(722 307 278)
3(722 721 307)
3(278 722 308)
3(722 307 308)
3(279 308 722)
3(723 308 279)
3(723 722 308)
3(279 723 309)
3(723 308 309)
3(280 309 723)
3(724 309 280)
3(724 723 309)
3(280 724 310)
3(724 309 310)
3(281 310 724)
3(725 310 281)
3(725 724 310)
3(281 725 311)
3(725 310 311)
3(282 311 725)
3(726 311 282)
3(726 725 311)
3(282 726 312)
3(726 311 312)
3(283 312 726)
3(727 312 283)
3(727 726 312)
3(283 727 313)
3(727 312 313)
3(284 313 727)
3(728 313 284)
3(728 727 313)
3(284 728 314)
3(728 313 314)
3(285 314 728)
3(729 314 285)
3(729 728 314)
3(285 729 315)
3(729 314 315)
3(286 315 729)
3(730 315 286)
3(730 729 315)
3(286 730 316)
3(730 315 316)
3(287 316 730)
3(731 316 287)
3(731 730 316)
3(287 731 317)
3(731 316 317)
3(288 317 731)
3(732 317 288)
3(732 731 317)
3(288 732 318)
3(732 317 318)
3(289 318 732)
3(733 318 289)
3(733 732 318)
3(289 733 319)
3(733 318 319)
3(290 319 733)
3(734 319 290)
3(734 733 319)
3(290 734 320)
3(734 319 320)
3(291 320 734)
3(735 320 291)
3(735 734 320)
3(291 735 321)
3(735 320 321)
3(292 321 735)
3(736 321 292)
3(736 735 321)
3(292 736 322)
3(736 321 322)
3(293 322 736)
3(737 322 293)
3(737 736 322)
3(293 737 323)
3(737 322 323)
3(294 323 737)
3(738 323 294)
3(738 737 323)
3(294 738 324)
3(738 323 324)
3(295 324 738)
3(739 324 295)
3(739 738 324)
3(295 739 325)
3(739 324 325)
3(296 325 739)
3(740 325 296)
3(740 739 325)
3(296 740 326)
3(740 325 326)
3(297 326 740)
3(741 326 297)
3(741 740 326)
3(297 741 327)
3(741 326 327)
3(298 327 741)
3(742 327 298)
3(742 741 327)
3(298 742 328)
3(742 327 328)
3(299 328 742)
3(743 328 299)
3(743 742 328)
3(299 743 329)
3(743 328 329)
3(300 329 743)
3(744 329 300)
3(744 743 329)
3(300 744 330)
3(744 329 330)
3(301 330 744)
3(745 330 301)
3(745 744 330)
3(301 745 25)
3(745 330 25)
3(24 25 745)
3(512 745 25)
3(156 302 155)
3(156 10 302)
3(302 746 155)
3(302 717 746)
3(302 746 156)
3(746 303 717)
3(746 302 303)
3(303 747 717)
3(303 718 747)
3(303 747 746)
3(747 304 718)
3(747 303 304)
3(304 748 718)
3(304 719 748)
3(304 748 747)
3(748 305 719)
3(748 304 305)
3(305 749 719)
3(305 720 749)
3(305 749 748)
3(749 306 720)
3(749 305 306)
3(306 750 720)
3(306 721 750)
3(306 750 749)
3(750 307 721)
3(750 306 307)
3(307 751 721)
3(307 722 751)
3(307 751 750)
3(751 308 722)
3(751 307 308)
3(308 752 722)
3(308 723 752)
3(308 752 751)
3(752 309 723)
3(752 308 309)
3(309 753 723)
3(309 724 753)
3(309 753 752)
3(753 310 724)
3(753 309 310)
3(310 754 724)
3(310 725 754)
3(310 754 753)
3(754 311 725)
3(754 310 311)
3(311 755 725)
3(311 726 755)
3(311 755 754)
3(755 312 726)
3(755 311 312)
3(312 756 726)
3(312 727 756)
3(312 756 755)
3(756 313 727)
3(756 312 313)
3(313 757 727)
3(313 728 757)
3(313 757 756)
3(757 314 728)
3(757 313 314)
3(314 758 728)
3(314 729 758)
3(314 758 757)
3(758 315 729)
3(758 314 315)
3(315 759 729)
3(315 730 759)
3(315 759 758)
3(759 316 730)
3(759 315 316)
3(316 760 730)
3(316 731 760)
3(316 760 759)
3(760 317 731)
3(760 316 317)
3(317 761 731)
3(317 732 761)
3(317 761 760)
3(761 318 732)
3(761 317 318)
3(318 762 732)
3(318 733 762)
3(318 762 761)
3(762 319 733)
3(762 318 319)
3(319 763 733)
3(319 734 763)
3(319 763 762)
3(763 320 734)
3(763 319 320)
3(320 764 734)
3(320 735 764)
3(320 764 763)
3(764 321 735)
3(764 320 321)
3(321 765 735)
3(321 736 765)
3(321 765 764)
3(765 322 736)
3(765 321 322)
3(322 766 736)
3(322 737 766)
3(322 766 765)
3(766 323 737)
3(766 322 323)
3(323 767 737)
3(323 738 767)
3(323 767 766)
3(767 324 738)
3(767 323 324)
3(324 768 738)
3(324 739 768)
3(324 768 767)
3(768 325 739)
3(768 324 325)
3(325 769 739)
3(325 740 769)
3(325 769 768)
3(769 326 740)
3(769 325 326)
3(326 770 740)
3(326 741 770)
3(326 770 769)
3(770 327 741)
3(770 326 327)
3(327 771 741)
3(327 742 771)
3(327 771 770)
3(771 328 742)
3(771 327 328)
3(328 772 742)
3(328 743 772)
3(328 772 771)
3(772 329 743)
3(772 328 329)
3(329 773 743)
3(329 744 773)
3(329 773 772)
3(773 330 744)
3(773 329 330)
3(330 774 744)
3(330 745 774)
3(330 774 773)
3(774 25 745)
3(774 330 25)
3(25 513 745)
3(25 513 774)
3(10 156 331)
3(10 331 11)
3(302 331 156)
3(746 331 302)
3(10 302 331)
3(302 746 332)
3(302 332 331)
3(303 332 746)
3(747 332 303)
3(302 303 332)
3(303 747 333)
3(303 333 332)
3(304 333 747)
3(748 333 304)
3(303 304 333)
3(304 748 334)
3(304 334 333)
3(305 334 748)
3(749 334 305)
3(304 305 334)
3(305 749 335)
3(305 335 334)
3(306 335 749)
3(750 335 306)
3(305 306 335)
3(306 750 336)
3(306 336 335)
3(307 336 750)
3(751 336 307)
3(306 307 336)
3(307 751 337)
3(307 337 336)
3(308 337 751)
3(752 337 308)
3(307 308 337)
3(308 752 338)
3(308 338 337)
3(309 338 752)
3(753 338 309)
3(308 309 338)
3(309 753 339)
3(309 339 338)
3(310 339 753)
3(754 339 310)
3(309 310 339)
3(310 754 340)
3(310 340 339)
3(311 340 754)
3(755 340 311)
3(310 311 340)
3(311 755 341)
3(311 341 340)
3(312 341 755)
3(756 341 312)
3(311 312 341)
3(312 756 342)
3(312 342 341)
3(313 342 756)
3(757 342 313)
3(312 313 342)
3(313 757 343)
3(313 343 342)
3(314 343 757)
3(758 343 314)
3(313 314 343)
3(314 758 344)
3(314 344 343)
3(315 344 758)
3(759 344 315)
3(314 315 344)
3(315 759 345)
3(315 345 344)
3(316 345 759)
3(760 345 316)
3(315 316 345)
3(316 760 346)
3(316 346 345)
3(317 346 760)
3(761 346 317)
3(316 317 346)
3(317 761 347)
3(317 347 346)
3(318 347 761)
3(762 347 318)
3(317 318 347)
3(318 762 348)
3(318 348 347)
3(319 348 762)
3(763 348 319)
3(318 319 348)
3(319 763 349)
3(319 349 348)
3(320 349 763)
3(764 349 320)
3(319 320 349)
3(320 764 350)
3(320 350 349)
3(321 350 764)
3(765 350 321)
3(320 321 350)
3(321 765 351)
3(321 351 350)
3(322 351 765)
3(766 351 322)
3(321 322 351)
3(322 766 352)
3(322 352 351)
3(323 352 766)
3(767 352 323)
3(322 323 352)
3(323 767 353)
3(323 353 352)
3(324 353 767)
3(768 353 324)
3(323 324 353)
3(324 768 354)
3(324 354 353)
3(325 354 768)
3(769 354 325)
3(324 325 354)
3(325 769 355)
3(325 355 354)
3(326 355 769)
3(770 355 326)
3(325 326 355)
3(326 770 356)
3(326 356 355)
3(327 356 770)
3(771 356 327)
3(326 327 356)
3(327 771 357)
3(327 357 356)
3(328 357 771)
3(772 357 328)
3(327 328 357)
3(328 772 358)
3(328 358 357)
3(329 358 772)
3(773 358 329)
3(328 329 358)
3(329 773 359)
3(329 359 358)
3(330 359 773)
3(774 359 330)
3(329 330 359)
3(330 774 26)
3(330 26 359)
3(25 26 774)
3(330 25 26)
3(10 11 90)
3(331 10 90)
3(331 90 302)
3(302 331 91)
3(332 302 91)
3(332 91 303)
3(303 332 92)
3(333 303 92)
3(333 92 304)
3(304 333 93)
3(334 304 93)
3(334 93 305)
3(305 334 94)
3(335 305 94)
3(335 94 306)
3(306 335 95)
3(336 306 95)
3(336 95 307)
3(307 336 96)
3(337 307 96)
3(337 96 308)
3(308 337 97)
3(338 308 97)
3(338 97 309)
3(309 338 98)
3(339 309 98)
3(339 98 310)
3(310 339 99)
3(340 310 99)
3(340 99 311)
3(311 340 100)
3(341 311 100)
3(341 100 312)
3(312 341 101)
3(342 312 101)
3(342 101 313)
3(313 342 102)
3(343 313 102)
3(343 102 314)
3(314 343 103)
3(344 314 103)
3(344 103 315)
3(315 344 104)
3(345 315 104)
3(345 104 316)
3(316 345 105)
3(346 316 105)
3(346 105 317)
3(317 346 106)
3(347 317 106)
3(347 106 318)
3(318 347 107)
3(348 318 107)
3(348 107 319)
3(319 348 108)
3(349 319 108)
3(349 108 320)
3(320 349 109)
3(350 320 109)
3(350 109 321)
3(321 350 110)
3(351 321 110)
3(351 110 322)
3(322 351 111)
3(352 322 111)
3(352 111 323)
3(323 352 112)
3(353 323 112)
3(353 112 324)
3(324 353 113)
3(354 324 113)
3(354 113 325)
3(325 354 114)
3(355 325 114)
3(355 114 326)
3(326 355 115)
3(356 326 115)
3(356 115 327)
3(327 356 116)
3(357 327 116)
3(357 116 328)
3(328 357 117)
3(358 328 117)
3(358 117 329)
3(329 358 118)
3(359 329 118)
3(359 118 330)
3(330 359 6)
3(26 330 6)
3(17 16 0)
3(17 148 16)
3(148 149 16)
3(15 16 149)
3(149 14 15)
3(149 150 14)
3(150 13 14)
3(1 14 13)
3(18 151 17)
3(148 17 151)
3(151 149 148)
3(151 152 149)
3(152 153 149)
3(150 149 153)
3(153 13 150)
3(153 12 13)
3(19 151 18)
3(19 154 151)
3(154 155 151)
3(152 151 155)
3(155 153 152)
3(155 156 153)
3(156 11 153)
3(12 153 11)
3(2 8 19)
3(154 19 8)
3(8 155 154)
3(8 9 155)
3(9 10 155)
3(156 155 10)
3(10 11 156)
3(10 3 11)
3(0 16 476)
3(32 157 17)
3(32 0 476)
3(32 17 0)
3(32 476 477)
3(33 158 157)
3(33 32 477)
3(33 157 32)
3(33 477 478)
3(34 159 158)
3(34 33 478)
3(34 158 33)
3(34 478 479)
3(35 160 159)
3(35 34 479)
3(35 159 34)
3(35 479 480)
3(36 161 160)
3(36 35 480)
3(36 160 35)
3(36 480 481)
3(37 162 161)
3(37 36 481)
3(37 161 36)
3(37 481 482)
3(38 163 162)
3(38 37 482)
3(38 162 37)
3(38 482 483)
3(39 164 163)
3(39 38 483)
3(39 163 38)
3(39 483 484)
3(40 165 164)
3(40 39 484)
3(40 164 39)
3(40 484 485)
3(41 166 165)
3(41 40 485)
3(41 165 40)
3(41 485 486)
3(42 167 166)
3(42 41 486)
3(42 166 41)
3(42 486 487)
3(43 168 167)
3(43 42 487)
3(43 167 42)
3(43 487 488)
3(44 169 168)
3(44 43 488)
3(44 168 43)
3(44 488 489)
3(45 170 169)
3(45 44 489)
3(45 169 44)
3(45 489 490)
3(46 171 170)
3(46 45 490)
3(46 170 45)
3(46 490 491)
3(47 172 171)
3(47 46 491)
3(47 171 46)
3(47 491 492)
3(48 173 172)
3(48 47 492)
3(48 172 47)
3(48 492 493)
3(49 174 173)
3(49 48 493)
3(49 173 48)
3(49 493 494)
3(50 175 174)
3(50 49 494)
3(50 174 49)
3(50 494 495)
3(51 176 175)
3(51 50 495)
3(51 175 50)
3(51 495 496)
3(52 177 176)
3(52 51 496)
3(52 176 51)
3(52 496 497)
3(53 178 177)
3(53 52 497)
3(53 177 52)
3(53 497 498)
3(54 179 178)
3(54 53 498)
3(54 178 53)
3(54 498 499)
3(55 180 179)
3(55 54 499)
3(55 179 54)
3(55 499 500)
3(56 181 180)
3(56 55 500)
3(56 180 55)
3(56 500 501)
3(57 182 181)
3(57 56 501)
3(57 181 56)
3(57 501 502)
3(58 183 182)
3(58 57 502)
3(58 182 57)
3(58 502 503)
3(59 184 183)
3(59 58 503)
3(59 183 58)
3(59 503 504)
3(60 185 184)
3(60 59 504)
3(60 184 59)
3(60 504 31)
3(4 20 185)
3(4 31 20)
3(4 60 31)
3(4 185 60)
3(31 505 20)
3(31 506 505)
3(447 476 15)
3(15 476 16)
3(448 477 447)
3(447 477 476)
3(449 478 448)
3(448 478 477)
3(450 479 449)
3(449 479 478)
3(451 480 450)
3(450 480 479)
3(452 481 451)
3(451 481 480)
3(453 482 452)
3(452 482 481)
3(454 483 453)
3(453 483 482)
3(455 484 454)
3(454 484 483)
3(456 485 455)
3(455 485 484)
3(457 486 456)
3(456 486 485)
3(458 487 457)
3(457 487 486)
3(459 488 458)
3(458 488 487)
3(460 489 459)
3(459 489 488)
3(461 490 460)
3(460 490 489)
3(462 491 461)
3(461 491 490)
3(463 492 462)
3(462 492 491)
3(464 493 463)
3(463 493 492)
3(465 494 464)
3(464 494 493)
3(466 495 465)
3(465 495 494)
3(467 496 466)
3(466 496 495)
3(468 497 467)
3(467 497 496)
3(469 498 468)
3(468 498 497)
3(470 499 469)
3(469 499 498)
3(471 500 470)
3(470 500 499)
3(472 501 471)
3(471 501 500)
3(473 502 472)
3(472 502 501)
3(474 503 473)
3(473 503 502)
3(475 504 474)
3(474 504 503)
3(30 31 475)
3(506 31 30)
3(475 31 504)
3(15 14 418)
3(447 15 418)
3(447 418 419)
3(448 447 419)
3(448 419 420)
3(449 448 420)
3(449 420 421)
3(450 449 421)
3(450 421 422)
3(451 450 422)
3(451 422 423)
3(452 451 423)
3(452 423 424)
3(453 452 424)
3(453 424 425)
3(454 453 425)
3(454 425 426)
3(455 454 426)
3(455 426 427)
3(456 455 427)
3(456 427 428)
3(457 456 428)
3(457 428 429)
3(458 457 429)
3(458 429 430)
3(459 458 430)
3(459 430 431)
3(460 459 431)
3(460 431 432)
3(461 460 432)
3(461 432 433)
3(462 461 433)
3(462 433 434)
3(463 462 434)
3(463 434 435)
3(464 463 435)
3(464 435 436)
3(465 464 436)
3(465 436 437)
3(466 465 437)
3(466 437 438)
3(467 466 438)
3(467 438 439)
3(468 467 439)
3(468 439 440)
3(469 468 440)
3(469 440 441)
3(470 469 441)
3(470 441 442)
3(471 470 442)
3(471 442 443)
3(472 471 443)
3(472 443 444)
3(473 472 444)
3(473 444 445)
3(474 473 445)
3(474 445 446)
3(475 474 446)
3(475 446 29)
3(30 475 29)
3(30 29 506)
3(29 507 506)
3(29 28 507)
3(1 13 389)
3(119 418 1)
3(389 119 1)
3(1 418 14)
3(119 389 390)
3(120 419 119)
3(390 120 119)
3(119 419 418)
3(120 390 391)
3(121 420 120)
3(391 121 120)
3(120 420 419)
3(121 391 392)
3(122 421 121)
3(392 122 121)
3(121 421 420)
3(122 392 393)
3(123 422 122)
3(393 123 122)
3(122 422 421)
3(123 393 394)
3(124 423 123)
3(394 124 123)
3(123 423 422)
3(124 394 395)
3(125 424 124)
3(395 125 124)
3(124 424 423)
3(125 395 396)
3(126 425 125)
3(396 126 125)
3(125 425 424)
3(126 396 397)
3(127 426 126)
3(397 127 126)
3(126 426 425)
3(127 397 398)
3(128 427 127)
3(398 128 127)
3(127 427 426)
3(128 398 399)
3(129 428 128)
3(399 129 128)
3(128 428 427)
3(129 399 400)
3(130 429 129)
3(400 130 129)
3(129 429 428)
3(130 400 401)
3(131 430 130)
3(401 131 130)
3(130 430 429)
3(131 401 402)
3(132 431 131)
3(402 132 131)
3(131 431 430)
3(132 402 403)
3(133 432 132)
3(403 133 132)
3(132 432 431)
3(133 403 404)
3(134 433 133)
3(404 134 133)
3(133 433 432)
3(134 404 405)
3(135 434 134)
3(405 135 134)
3(134 434 433)
3(135 405 406)
3(136 435 135)
3(406 136 135)
3(135 435 434)
3(136 406 407)
3(137 436 136)
3(407 137 136)
3(136 436 435)
3(137 407 408)
3(138 437 137)
3(408 138 137)
3(137 437 436)
3(138 408 409)
3(139 438 138)
3(409 139 138)
3(138 438 437)
3(139 409 410)
3(140 439 139)
3(410 140 139)
3(139 439 438)
3(140 410 411)
3(141 440 140)
3(411 141 140)
3(140 440 439)
3(141 411 412)
3(142 441 141)
3(412 142 141)
3(141 441 440)
3(142 412 413)
3(143 442 142)
3(413 143 142)
3(142 442 441)
3(143 413 414)
3(144 443 143)
3(414 144 143)
3(143 443 442)
3(144 414 415)
3(145 444 144)
3(415 145 144)
3(144 444 443)
3(145 415 416)
3(146 445 145)
3(416 146 145)
3(145 445 444)
3(146 416 417)
3(147 446 146)
3(417 147 146)
3(146 446 445)
3(147 417 28)
3(7 29 147)
3(28 7 147)
3(28 29 7)
3(147 29 446)
3(157 186 18)
3(157 18 17)
3(158 187 186)
3(158 186 157)
3(159 188 187)
3(159 187 158)
3(160 189 188)
3(160 188 159)
3(161 190 189)
3(161 189 160)
3(162 191 190)
3(162 190 161)
3(163 192 191)
3(163 191 162)
3(164 193 192)
3(164 192 163)
3(165 194 193)
3(165 193 164)
3(166 195 194)
3(166 194 165)
3(167 196 195)
3(167 195 166)
3(168 197 196)
3(168 196 167)
3(169 198 197)
3(169 197 168)
3(170 199 198)
3(170 198 169)
3(171 200 199)
3(171 199 170)
3(172 201 200)
3(172 200 171)
3(173 202 201)
3(173 201 172)
3(174 203 202)
3(174 202 173)
3(175 204 203)
3(175 203 174)
3(176 205 204)
3(176 204 175)
3(177 206 205)
3(177 205 176)
3(178 207 206)
3(178 206 177)
3(179 208 207)
3(179 207 178)
3(180 209 208)
3(180 208 179)
3(181 210 209)
3(181 209 180)
3(182 211 210)
3(182 210 181)
3(183 212 211)
3(183 211 182)
3(184 213 212)
3(184 212 183)
3(185 214 213)
3(185 213 184)
3(20 21 214)
3(20 508 21)
3(20 214 185)
3(508 20 505)
3(505 506 508)
3(506 509 508)
3(506 510 509)
3(510 506 507)
3(507 28 510)
3(13 12 360)
3(389 13 360)
3(389 360 361)
3(390 389 361)
3(390 361 362)
3(391 390 362)
3(391 362 363)
3(392 391 363)
3(392 363 364)
3(393 392 364)
3(393 364 365)
3(394 393 365)
3(394 365 366)
3(395 394 366)
3(395 366 367)
3(396 395 367)
3(396 367 368)
3(397 396 368)
3(397 368 369)
3(398 397 369)
3(398 369 370)
3(399 398 370)
3(399 370 371)
3(400 399 371)
3(400 371 372)
3(401 400 372)
3(401 372 373)
3(402 401 373)
3(402 373 374)
3(403 402 374)
3(403 374 375)
3(404 403 375)
3(404 375 376)
3(405 404 376)
3(405 376 377)
3(406 405 377)
3(406 377 378)
3(407 406 378)
3(407 378 379)
3(408 407 379)
3(408 379 380)
3(409 408 380)
3(409 380 381)
3(410 409 381)
3(410 381 382)
3(411 410 382)
3(411 382 383)
3(412 411 383)
3(412 383 384)
3(413 412 384)
3(413 384 385)
3(414 413 385)
3(414 385 386)
3(415 414 386)
3(415 386 387)
3(416 415 387)
3(416 387 388)
3(417 416 388)
3(417 388 27)
3(28 27 510)
3(28 417 27)
3(186 215 19)
3(186 19 18)
3(187 216 215)
3(187 215 186)
3(188 217 216)
3(188 216 187)
3(189 218 217)
3(189 217 188)
3(190 219 218)
3(190 218 189)
3(191 220 219)
3(191 219 190)
3(192 221 220)
3(192 220 191)
3(193 222 221)
3(193 221 192)
3(194 223 222)
3(194 222 193)
3(195 224 223)
3(195 223 194)
3(196 225 224)
3(196 224 195)
3(197 226 225)
3(197 225 196)
3(198 227 226)
3(198 226 197)
3(199 228 227)
3(199 227 198)
3(200 229 228)
3(200 228 199)
3(201 230 229)
3(201 229 200)
3(202 231 230)
3(202 230 201)
3(203 232 231)
3(203 231 202)
3(204 233 232)
3(204 232 203)
3(205 234 233)
3(205 233 204)
3(206 235 234)
3(206 234 205)
3(207 236 235)
3(207 235 206)
3(208 237 236)
3(208 236 207)
3(209 238 237)
3(209 237 208)
3(210 239 238)
3(210 238 209)
3(211 240 239)
3(211 239 210)
3(212 241 240)
3(212 240 211)
3(213 242 241)
3(213 241 212)
3(214 243 242)
3(214 242 213)
3(21 22 243)
3(21 508 22)
3(21 243 214)
3(508 511 22)
3(508 512 511)
3(512 508 509)
3(509 510 512)
3(510 513 512)
3(510 26 513)
3(12 11 331)
3(331 360 12)
3(360 331 332)
3(332 361 360)
3(361 332 333)
3(333 362 361)
3(362 333 334)
3(334 363 362)
3(363 334 335)
3(335 364 363)
3(364 335 336)
3(336 365 364)
3(365 336 337)
3(337 366 365)
3(366 337 338)
3(338 367 366)
3(367 338 339)
3(339 368 367)
3(368 339 340)
3(340 369 368)
3(369 340 341)
3(341 370 369)
3(370 341 342)
3(342 371 370)
3(371 342 343)
3(343 372 371)
3(372 343 344)
3(344 373 372)
3(373 344 345)
3(345 374 373)
3(374 345 346)
3(346 375 374)
3(375 346 347)
3(347 376 375)
3(376 347 348)
3(348 377 376)
3(377 348 349)
3(349 378 377)
3(378 349 350)
3(350 379 378)
3(379 350 351)
3(351 380 379)
3(380 351 352)
3(352 381 380)
3(381 352 353)
3(353 382 381)
3(382 353 354)
3(354 383 382)
3(383 354 355)
3(355 384 383)
3(384 355 356)
3(356 385 384)
3(385 356 357)
3(357 386 385)
3(386 357 358)
3(358 387 386)
3(387 358 359)
3(359 388 387)
3(388 359 26)
3(26 510 27)
3(26 27 388)
3(2 244 8)
3(61 244 2)
3(215 61 2)
3(215 2 19)
3(61 245 244)
3(62 245 61)
3(216 62 61)
3(216 61 215)
3(62 246 245)
3(63 246 62)
3(217 63 62)
3(217 62 216)
3(63 247 246)
3(64 247 63)
3(218 64 63)
3(218 63 217)
3(64 248 247)
3(65 248 64)
3(219 65 64)
3(219 64 218)
3(65 249 248)
3(66 249 65)
3(220 66 65)
3(220 65 219)
3(66 250 249)
3(67 250 66)
3(221 67 66)
3(221 66 220)
3(67 251 250)
3(68 251 67)
3(222 68 67)
3(222 67 221)
3(68 252 251)
3(69 252 68)
3(223 69 68)
3(223 68 222)
3(69 253 252)
3(70 253 69)
3(224 70 69)
3(224 69 223)
3(70 254 253)
3(71 254 70)
3(225 71 70)
3(225 70 224)
3(71 255 254)
3(72 255 71)
3(226 72 71)
3(226 71 225)
3(72 256 255)
3(73 256 72)
3(227 73 72)
3(227 72 226)
3(73 257 256)
3(74 257 73)
3(228 74 73)
3(228 73 227)
3(74 258 257)
3(75 258 74)
3(229 75 74)
3(229 74 228)
3(75 259 258)
3(76 259 75)
3(230 76 75)
3(230 75 229)
3(76 260 259)
3(77 260 76)
3(231 77 76)
3(231 76 230)
3(77 261 260)
3(78 261 77)
3(232 78 77)
3(232 77 231)
3(78 262 261)
3(79 262 78)
3(233 79 78)
3(233 78 232)
3(79 263 262)
3(80 263 79)
3(234 80 79)
3(234 79 233)
3(80 264 263)
3(81 264 80)
3(235 81 80)
3(235 80 234)
3(81 265 264)
3(82 265 81)
3(236 82 81)
3(236 81 235)
3(82 266 265)
3(83 266 82)
3(237 83 82)
3(237 82 236)
3(83 267 266)
3(84 267 83)
3(238 84 83)
3(238 83 237)
3(84 268 267)
3(85 268 84)
3(239 85 84)
3(239 84 238)
3(85 269 268)
3(86 269 85)
3(240 86 85)
3(240 85 239)
3(86 270 269)
3(87 270 86)
3(241 87 86)
3(241 86 240)
3(87 271 270)
3(88 271 87)
3(242 88 87)
3(242 87 241)
3(88 272 271)
3(89 272 88)
3(243 89 88)
3(243 88 242)
3(89 23 272)
3(5 23 89)
3(22 5 89)
3(22 23 5)
3(22 89 243)
3(23 22 511)
3(511 512 23)
3(8 273 9)
3(244 273 8)
3(244 274 273)
3(245 274 244)
3(245 275 274)
3(246 275 245)
3(246 276 275)
3(247 276 246)
3(247 277 276)
3(248 277 247)
3(248 278 277)
3(249 278 248)
3(249 279 278)
3(250 279 249)
3(250 280 279)
3(251 280 250)
3(251 281 280)
3(252 281 251)
3(252 282 281)
3(253 282 252)
3(253 283 282)
3(254 283 253)
3(254 284 283)
3(255 284 254)
3(255 285 284)
3(256 285 255)
3(256 286 285)
3(257 286 256)
3(257 287 286)
3(258 287 257)
3(258 288 287)
3(259 288 258)
3(259 289 288)
3(260 289 259)
3(260 290 289)
3(261 290 260)
3(261 291 290)
3(262 291 261)
3(262 292 291)
3(263 292 262)
3(263 293 292)
3(264 293 263)
3(264 294 293)
3(265 294 264)
3(265 295 294)
3(266 295 265)
3(266 296 295)
3(267 296 266)
3(267 297 296)
3(268 297 267)
3(268 298 297)
3(269 298 268)
3(269 299 298)
3(270 299 269)
3(270 300 299)
3(271 300 270)
3(271 301 300)
3(272 301 271)
3(272 24 301)
3(23 24 272)
3(512 24 23)
3(9 302 10)
3(9 273 302)
3(273 303 302)
3(273 274 303)
3(274 304 303)
3(274 275 304)
3(275 305 304)
3(275 276 305)
3(276 306 305)
3(276 277 306)
3(277 307 306)
3(277 278 307)
3(278 308 307)
3(278 279 308)
3(279 309 308)
3(279 280 309)
3(280 310 309)
3(280 281 310)
3(281 311 310)
3(281 282 311)
3(282 312 311)
3(282 283 312)
3(283 313 312)
3(283 284 313)
3(284 314 313)
3(284 285 314)
3(285 315 314)
3(285 286 315)
3(286 316 315)
3(286 287 316)
3(287 317 316)
3(287 288 317)
3(288 318 317)
3(288 289 318)
3(289 319 318)
3(289 290 319)
3(290 320 319)
3(290 291 320)
3(291 321 320)
3(291 292 321)
3(292 322 321)
3(292 293 322)
3(293 323 322)
3(293 294 323)
3(294 324 323)
3(294 295 324)
3(295 325 324)
3(295 296 325)
3(296 326 325)
3(296 297 326)
3(297 327 326)
3(297 298 327)
3(298 328 327)
3(298 299 328)
3(299 329 328)
3(299 300 329)
3(300 330 329)
3(300 301 330)
3(301 25 330)
3(512 25 24)
3(301 24 25)
3(25 512 513)
3(513 26 25)
3(11 3 90)
3(10 90 3)
3(302 90 10)
3(331 11 90)
3(331 90 91)
3(302 91 90)
3(303 91 302)
3(332 331 91)
3(332 91 92)
3(303 92 91)
3(304 92 303)
3(333 332 92)
3(333 92 93)
3(304 93 92)
3(305 93 304)
3(334 333 93)
3(334 93 94)
3(305 94 93)
3(306 94 305)
3(335 334 94)
3(335 94 95)
3(306 95 94)
3(307 95 306)
3(336 335 95)
3(336 95 96)
3(307 96 95)
3(308 96 307)
3(337 336 96)
3(337 96 97)
3(308 97 96)
3(309 97 308)
3(338 337 97)
3(338 97 98)
3(309 98 97)
3(310 98 309)
3(339 338 98)
3(339 98 99)
3(310 99 98)
3(311 99 310)
3(340 339 99)
3(340 99 100)
3(311 100 99)
3(312 100 311)
3(341 340 100)
3(341 100 101)
3(312 101 100)
3(313 101 312)
3(342 341 101)
3(342 101 102)
3(313 102 101)
3(314 102 313)
3(343 342 102)
3(343 102 103)
3(314 103 102)
3(315 103 314)
3(344 343 103)
3(344 103 104)
3(315 104 103)
3(316 104 315)
3(345 344 104)
3(345 104 105)
3(316 105 104)
3(317 105 316)
3(346 345 105)
3(346 105 106)
3(317 106 105)
3(318 106 317)
3(347 346 106)
3(347 106 107)
3(318 107 106)
3(319 107 318)
3(348 347 107)
3(348 107 108)
3(319 108 107)
3(320 108 319)
3(349 348 108)
3(349 108 109)
3(320 109 108)
3(321 109 320)
3(350 349 109)
3(350 109 110)
3(321 110 109)
3(322 110 321)
3(351 350 110)
3(351 110 111)
3(322 111 110)
3(323 111 322)
3(352 351 111)
3(352 111 112)
3(323 112 111)
3(324 112 323)
3(353 352 112)
3(353 112 113)
3(324 113 112)
3(325 113 324)
3(354 353 113)
3(354 113 114)
3(325 114 113)
3(326 114 325)
3(355 354 114)
3(355 114 115)
3(326 115 114)
3(327 115 326)
3(356 355 115)
3(356 115 116)
3(327 116 115)
3(328 116 327)
3(357 356 116)
3(357 116 117)
3(328 117 116)
3(329 117 328)
3(358 357 117)
3(358 117 118)
3(329 118 117)
3(330 118 329)
3(359 358 118)
3(359 118 6)
3(330 6 118)
3(25 6 330)
3(26 6 25)
3(26 359 6)
)


// ************************************************************************* //
