/*--------------------------------*- C++ -*----------------------------------*\
| =========                 |                                                 |
| \\      /  F ield         | OpenFOAM: The Open Source CFD Toolbox           |
|  \\    /   O peration     | Version:  v2012                                 |
|   \\  /    A nd           | Website:  www.openfoam.com                      |
|    \\/     M anipulation  |                                                 |
\*---------------------------------------------------------------------------*/
FoamFile
{
    version     2.0;
    format      ascii;
    class       labelList;
    note        "nPoints:775  nCells:2880  nFaces:6272  nInternalFaces:5248";
    location    "constant/polyMesh";
    object      neighbour;
}
// * * * * * * * * * * * * * * * * * * * * * * * * * * * * * * * * * * * * * //


5248
(
2
92
2
3
91
5
95
5
6
94
8
98
8
9
97
11
101
11
12
100
14
104
14
15
103
17
107
17
18
106
20
110
20
21
109
23
113
23
24
112
26
116
26
27
115
29
119
29
30
118
32
122
32
33
121
35
125
35
36
124
38
128
38
39
127
41
131
41
42
130
44
134
44
45
133
47
137
47
48
136
50
140
50
51
139
53
143
53
54
142
56
146
56
57
145
59
149
59
60
148
62
152
62
63
151
65
155
65
66
154
68
158
68
69
157
71
161
71
72
160
74
164
74
75
163
77
167
77
78
166
80
170
80
81
169
83
173
83
84
172
86
176
86
87
175
89
179
89
178
92
182
812
92
93
811
181
95
185
815
95
96
814
184
98
188
818
98
99
817
187
101
191
821
101
102
820
190
104
194
824
104
105
823
193
107
197
827
107
108
826
196
110
200
830
110
111
829
199
113
203
833
113
114
832
202
116
206
836
116
117
835
205
119
209
839
119
120
838
208
122
212
842
122
123
841
211
125
215
845
125
126
844
214
128
218
848
128
129
847
217
131
221
851
131
132
850
220
134
224
854
134
135
853
223
137
227
857
137
138
856
226
140
230
860
140
141
859
229
143
233
863
143
144
862
232
146
236
866
146
147
865
235
149
239
869
149
150
868
238
152
242
872
152
153
871
241
155
245
875
155
156
874
244
158
248
878
158
159
877
247
161
251
881
161
162
880
250
164
254
884
164
165
883
253
167
257
887
167
168
886
256
170
260
890
170
171
889
259
173
263
893
173
174
892
262
176
266
896
176
177
895
265
179
269
899
179
898
268
182
270
900
182
183
272
901
185
273
903
185
186
275
904
188
276
906
188
189
278
907
191
279
909
191
192
281
910
194
282
912
194
195
284
913
197
285
915
197
198
287
916
200
288
918
200
201
290
919
203
291
921
203
204
293
922
206
294
924
206
207
296
925
209
297
927
209
210
299
928
212
300
930
212
213
302
931
215
303
933
215
216
305
934
218
306
936
218
219
308
937
221
309
939
221
222
311
940
224
312
942
224
225
314
943
227
315
945
227
228
317
946
230
318
948
230
231
320
949
233
321
951
233
234
323
952
236
324
954
236
237
326
955
239
327
957
239
240
329
958
242
330
960
242
243
332
961
245
333
963
245
246
335
964
248
336
966
248
249
338
967
251
339
969
251
252
341
970
254
342
972
254
255
344
973
257
345
975
257
258
347
976
260
348
978
260
261
350
979
263
351
981
263
264
353
982
266
354
984
266
267
356
985
269
357
987
269
359
988
272
362
272
273
361
275
365
275
276
364
278
368
278
279
367
281
371
281
282
370
284
374
284
285
373
287
377
287
288
376
290
380
290
291
379
293
383
293
294
382
296
386
296
297
385
299
389
299
300
388
302
392
302
303
391
305
395
305
306
394
308
398
308
309
397
311
401
311
312
400
314
404
314
315
403
317
407
317
318
406
320
410
320
321
409
323
413
323
324
412
326
416
326
327
415
329
419
329
330
418
332
422
332
333
421
335
425
335
336
424
338
428
338
339
427
341
431
341
342
430
344
434
344
345
433
347
437
347
348
436
350
440
350
351
439
353
443
353
354
442
356
446
356
357
445
359
449
359
448
362
452
362
363
451
365
455
365
366
454
368
458
368
369
457
371
461
371
372
460
374
464
374
375
463
377
467
377
378
466
380
470
380
381
469
383
473
383
384
472
386
476
386
387
475
389
479
389
390
478
392
482
392
393
481
395
485
395
396
484
398
488
398
399
487
401
491
401
402
490
404
494
404
405
493
407
497
407
408
496
410
500
410
411
499
413
503
413
414
502
416
506
416
417
505
419
509
419
420
508
422
512
422
423
511
425
515
425
426
514
428
518
428
429
517
431
521
431
432
520
434
524
434
435
523
437
527
437
438
526
440
530
440
441
529
443
533
443
444
532
446
536
446
447
535
449
539
449
538
452
542
1172
452
453
1171
541
455
545
1175
455
456
1174
544
458
548
1178
458
459
1177
547
461
551
1181
461
462
1180
550
464
554
1184
464
465
1183
553
467
557
1187
467
468
1186
556
470
560
1190
470
471
1189
559
473
563
1193
473
474
1192
562
476
566
1196
476
477
1195
565
479
569
1199
479
480
1198
568
482
572
1202
482
483
1201
571
485
575
1205
485
486
1204
574
488
578
1208
488
489
1207
577
491
581
1211
491
492
1210
580
494
584
1214
494
495
1213
583
497
587
1217
497
498
1216
586
500
590
1220
500
501
1219
589
503
593
1223
503
504
1222
592
506
596
1226
506
507
1225
595
509
599
1229
509
510
1228
598
512
602
1232
512
513
1231
601
515
605
1235
515
516
1234
604
518
608
1238
518
519
1237
607
521
611
1241
521
522
1240
610
524
614
1244
524
525
1243
613
527
617
1247
527
528
1246
616
530
620
1250
530
531
1249
619
533
623
1253
533
534
1252
622
536
626
1256
536
537
1255
625
539
629
1259
539
1258
628
542
630
1260
542
543
632
1261
545
633
1263
545
546
635
1264
548
636
1266
548
549
638
1267
551
639
1269
551
552
641
1270
554
642
1272
554
555
644
1273
557
645
1275
557
558
647
1276
560
648
1278
560
561
650
1279
563
651
1281
563
564
653
1282
566
654
1284
566
567
656
1285
569
657
1287
569
570
659
1288
572
660
1290
572
573
662
1291
575
663
1293
575
576
665
1294
578
666
1296
578
579
668
1297
581
669
1299
581
582
671
1300
584
672
1302
584
585
674
1303
587
675
1305
587
588
677
1306
590
678
1308
590
591
680
1309
593
681
1311
593
594
683
1312
596
684
1314
596
597
686
1315
599
687
1317
599
600
689
1318
602
690
1320
602
603
692
1321
605
693
1323
605
606
695
1324
608
696
1326
608
609
698
1327
611
699
1329
611
612
701
1330
614
702
1332
614
615
704
1333
617
705
1335
617
618
707
1336
620
708
1338
620
621
710
1339
623
711
1341
623
624
713
1342
626
714
1344
626
627
716
1345
629
717
1347
629
719
1348
632
632
633
635
635
636
638
638
639
641
641
642
644
644
645
647
647
648
650
650
651
653
653
654
656
656
657
659
659
660
662
662
663
665
665
666
668
668
669
671
671
672
674
674
675
677
677
678
680
680
681
683
683
684
686
686
687
689
689
690
692
692
693
695
695
696
698
698
699
701
701
702
704
704
705
707
707
708
710
710
711
713
713
714
716
716
717
719
719
722
810
1440
722
723
1442
811
725
813
1443
725
726
1445
814
728
816
1446
728
729
1448
817
731
819
1449
731
732
1451
820
734
822
1452
734
735
1454
823
737
825
1455
737
738
1457
826
740
828
1458
740
741
1460
829
743
831
1461
743
744
1463
832
746
834
1464
746
747
1466
835
749
837
1467
749
750
1469
838
752
840
1470
752
753
1472
841
755
843
1473
755
756
1475
844
758
846
1476
758
759
1478
847
761
849
1479
761
762
1481
850
764
852
1482
764
765
1484
853
767
855
1485
767
768
1487
856
770
858
1488
770
771
1490
859
773
861
1491
773
774
1493
862
776
864
1494
776
777
1496
865
779
867
1497
779
780
1499
868
782
870
1500
782
783
1502
871
785
873
1503
785
786
1505
874
788
876
1506
788
789
1508
877
791
879
1509
791
792
1511
880
794
882
1512
794
795
1514
883
797
885
1515
797
798
1517
886
800
888
1518
800
801
1520
889
803
891
1521
803
804
1523
892
806
894
1524
806
807
1526
895
809
897
1527
809
1529
898
812
902
812
813
901
815
905
815
816
904
818
908
818
819
907
821
911
821
822
910
824
914
824
825
913
827
917
827
828
916
830
920
830
831
919
833
923
833
834
922
836
926
836
837
925
839
929
839
840
928
842
932
842
843
931
845
935
845
846
934
848
938
848
849
937
851
941
851
852
940
854
944
854
855
943
857
947
857
858
946
860
950
860
861
949
863
953
863
864
952
866
956
866
867
955
869
959
869
870
958
872
962
872
873
961
875
965
875
876
964
878
968
878
879
967
881
971
881
882
970
884
974
884
885
973
887
977
887
888
976
890
980
890
891
979
893
983
893
894
982
896
986
896
897
985
899
989
899
988
902
992
902
903
991
905
995
905
906
994
908
998
908
909
997
911
1001
911
912
1000
914
1004
914
915
1003
917
1007
917
918
1006
920
1010
920
921
1009
923
1013
923
924
1012
926
1016
926
927
1015
929
1019
929
930
1018
932
1022
932
933
1021
935
1025
935
936
1024
938
1028
938
939
1027
941
1031
941
942
1030
944
1034
944
945
1033
947
1037
947
948
1036
950
1040
950
951
1039
953
1043
953
954
1042
956
1046
956
957
1045
959
1049
959
960
1048
962
1052
962
963
1051
965
1055
965
966
1054
968
1058
968
969
1057
971
1061
971
972
1060
974
1064
974
975
1063
977
1067
977
978
1066
980
1070
980
981
1069
983
1073
983
984
1072
986
1076
986
987
1075
989
1079
989
1078
992
1082
1712
992
993
1711
1081
995
1085
1715
995
996
1714
1084
998
1088
1718
998
999
1717
1087
1001
1091
1721
1001
1002
1720
1090
1004
1094
1724
1004
1005
1723
1093
1007
1097
1727
1007
1008
1726
1096
1010
1100
1730
1010
1011
1729
1099
1013
1103
1733
1013
1014
1732
1102
1016
1106
1736
1016
1017
1735
1105
1019
1109
1739
1019
1020
1738
1108
1022
1112
1742
1022
1023
1741
1111
1025
1115
1745
1025
1026
1744
1114
1028
1118
1748
1028
1029
1747
1117
1031
1121
1751
1031
1032
1750
1120
1034
1124
1754
1034
1035
1753
1123
1037
1127
1757
1037
1038
1756
1126
1040
1130
1760
1040
1041
1759
1129
1043
1133
1763
1043
1044
1762
1132
1046
1136
1766
1046
1047
1765
1135
1049
1139
1769
1049
1050
1768
1138
1052
1142
1772
1052
1053
1771
1141
1055
1145
1775
1055
1056
1774
1144
1058
1148
1778
1058
1059
1777
1147
1061
1151
1781
1061
1062
1780
1150
1064
1154
1784
1064
1065
1783
1153
1067
1157
1787
1067
1068
1786
1156
1070
1160
1790
1070
1071
1789
1159
1073
1163
1793
1073
1074
1792
1162
1076
1166
1796
1076
1077
1795
1165
1079
1169
1799
1079
1798
1168
1082
1170
1800
1082
1083
1171
1801
1085
1173
1803
1085
1086
1174
1804
1088
1176
1806
1088
1089
1177
1807
1091
1179
1809
1091
1092
1180
1810
1094
1182
1812
1094
1095
1183
1813
1097
1185
1815
1097
1098
1186
1816
1100
1188
1818
1100
1101
1189
1819
1103
1191
1821
1103
1104
1192
1822
1106
1194
1824
1106
1107
1195
1825
1109
1197
1827
1109
1110
1198
1828
1112
1200
1830
1112
1113
1201
1831
1115
1203
1833
1115
1116
1204
1834
1118
1206
1836
1118
1119
1207
1837
1121
1209
1839
1121
1122
1210
1840
1124
1212
1842
1124
1125
1213
1843
1127
1215
1845
1127
1128
1216
1846
1130
1218
1848
1130
1131
1219
1849
1133
1221
1851
1133
1134
1222
1852
1136
1224
1854
1136
1137
1225
1855
1139
1227
1857
1139
1140
1228
1858
1142
1230
1860
1142
1143
1231
1861
1145
1233
1863
1145
1146
1234
1864
1148
1236
1866
1148
1149
1237
1867
1151
1239
1869
1151
1152
1240
1870
1154
1242
1872
1154
1155
1243
1873
1157
1245
1875
1157
1158
1246
1876
1160
1248
1878
1160
1161
1249
1879
1163
1251
1881
1163
1164
1252
1882
1166
1254
1884
1166
1167
1255
1885
1169
1257
1887
1169
1258
1888
1172
1262
1172
1173
1261
1175
1265
1175
1176
1264
1178
1268
1178
1179
1267
1181
1271
1181
1182
1270
1184
1274
1184
1185
1273
1187
1277
1187
1188
1276
1190
1280
1190
1191
1279
1193
1283
1193
1194
1282
1196
1286
1196
1197
1285
1199
1289
1199
1200
1288
1202
1292
1202
1203
1291
1205
1295
1205
1206
1294
1208
1298
1208
1209
1297
1211
1301
1211
1212
1300
1214
1304
1214
1215
1303
1217
1307
1217
1218
1306
1220
1310
1220
1221
1309
1223
1313
1223
1224
1312
1226
1316
1226
1227
1315
1229
1319
1229
1230
1318
1232
1322
1232
1233
1321
1235
1325
1235
1236
1324
1238
1328
1238
1239
1327
1241
1331
1241
1242
1330
1244
1334
1244
1245
1333
1247
1337
1247
1248
1336
1250
1340
1250
1251
1339
1253
1343
1253
1254
1342
1256
1346
1256
1257
1345
1259
1349
1259
1348
1262
1352
1262
1263
1351
1265
1355
1265
1266
1354
1268
1358
1268
1269
1357
1271
1361
1271
1272
1360
1274
1364
1274
1275
1363
1277
1367
1277
1278
1366
1280
1370
1280
1281
1369
1283
1373
1283
1284
1372
1286
1376
1286
1287
1375
1289
1379
1289
1290
1378
1292
1382
1292
1293
1381
1295
1385
1295
1296
1384
1298
1388
1298
1299
1387
1301
1391
1301
1302
1390
1304
1394
1304
1305
1393
1307
1397
1307
1308
1396
1310
1400
1310
1311
1399
1313
1403
1313
1314
1402
1316
1406
1316
1317
1405
1319
1409
1319
1320
1408
1322
1412
1322
1323
1411
1325
1415
1325
1326
1414
1328
1418
1328
1329
1417
1331
1421
1331
1332
1420
1334
1424
1334
1335
1423
1337
1427
1337
1338
1426
1340
1430
1340
1341
1429
1343
1433
1343
1344
1432
1346
1436
1346
1347
1435
1349
1439
1349
1438
1352
2072
1352
1353
2071
1355
2075
1355
1356
2074
1358
2078
1358
1359
2077
1361
2081
1361
1362
2080
1364
2084
1364
1365
2083
1367
2087
1367
1368
2086
1370
2090
1370
1371
2089
1373
2093
1373
1374
2092
1376
2096
1376
1377
2095
1379
2099
1379
1380
2098
1382
2102
1382
1383
2101
1385
2105
1385
1386
2104
1388
2108
1388
1389
2107
1391
2111
1391
1392
2110
1394
2114
1394
1395
2113
1397
2117
1397
1398
2116
1400
2120
1400
1401
2119
1403
2123
1403
1404
2122
1406
2126
1406
1407
2125
1409
2129
1409
1410
2128
1412
2132
1412
1413
2131
1415
2135
1415
1416
2134
1418
2138
1418
1419
2137
1421
2141
1421
1422
2140
1424
2144
1424
1425
2143
1427
2147
1427
1428
2146
1430
2150
1430
1431
2149
1433
2153
1433
1434
2152
1436
2156
1436
1437
2155
1439
2159
1439
2158
1442
1532
1442
1443
1531
1445
1535
1445
1446
1534
1448
1538
1448
1449
1537
1451
1541
1451
1452
1540
1454
1544
1454
1455
1543
1457
1547
1457
1458
1546
1460
1550
1460
1461
1549
1463
1553
1463
1464
1552
1466
1556
1466
1467
1555
1469
1559
1469
1470
1558
1472
1562
1472
1473
1561
1475
1565
1475
1476
1564
1478
1568
1478
1479
1567
1481
1571
1481
1482
1570
1484
1574
1484
1485
1573
1487
1577
1487
1488
1576
1490
1580
1490
1491
1579
1493
1583
1493
1494
1582
1496
1586
1496
1497
1585
1499
1589
1499
1500
1588
1502
1592
1502
1503
1591
1505
1595
1505
1506
1594
1508
1598
1508
1509
1597
1511
1601
1511
1512
1600
1514
1604
1514
1515
1603
1517
1607
1517
1518
1606
1520
1610
1520
1521
1609
1523
1613
1523
1524
1612
1526
1616
1526
1527
1615
1529
1619
1529
1618
1532
1622
2252
1532
1533
2251
1621
1535
1625
2255
1535
1536
2254
1624
1538
1628
2258
1538
1539
2257
1627
1541
1631
2261
1541
1542
2260
1630
1544
1634
2264
1544
1545
2263
1633
1547
1637
2267
1547
1548
2266
1636
1550
1640
2270
1550
1551
2269
1639
1553
1643
2273
1553
1554
2272
1642
1556
1646
2276
1556
1557
2275
1645
1559
1649
2279
1559
1560
2278
1648
1562
1652
2282
1562
1563
2281
1651
1565
1655
2285
1565
1566
2284
1654
1568
1658
2288
1568
1569
2287
1657
1571
1661
2291
1571
1572
2290
1660
1574
1664
2294
1574
1575
2293
1663
1577
1667
2297
1577
1578
2296
1666
1580
1670
2300
1580
1581
2299
1669
1583
1673
2303
1583
1584
2302
1672
1586
1676
2306
1586
1587
2305
1675
1589
1679
2309
1589
1590
2308
1678
1592
1682
2312
1592
1593
2311
1681
1595
1685
2315
1595
1596
2314
1684
1598
1688
2318
1598
1599
2317
1687
1601
1691
2321
1601
1602
2320
1690
1604
1694
2324
1604
1605
2323
1693
1607
1697
2327
1607
1608
2326
1696
1610
1700
2330
1610
1611
2329
1699
1613
1703
2333
1613
1614
2332
1702
1616
1706
2336
1616
1617
2335
1705
1619
1709
2339
1619
2338
1708
1622
1710
2340
1622
1623
1711
2341
1625
1713
2343
1625
1626
1714
2344
1628
1716
2346
1628
1629
1717
2347
1631
1719
2349
1631
1632
1720
2350
1634
1722
2352
1634
1635
1723
2353
1637
1725
2355
1637
1638
1726
2356
1640
1728
2358
1640
1641
1729
2359
1643
1731
2361
1643
1644
1732
2362
1646
1734
2364
1646
1647
1735
2365
1649
1737
2367
1649
1650
1738
2368
1652
1740
2370
1652
1653
1741
2371
1655
1743
2373
1655
1656
1744
2374
1658
1746
2376
1658
1659
1747
2377
1661
1749
2379
1661
1662
1750
2380
1664
1752
2382
1664
1665
1753
2383
1667
1755
2385
1667
1668
1756
2386
1670
1758
2388
1670
1671
1759
2389
1673
1761
2391
1673
1674
1762
2392
1676
1764
2394
1676
1677
1765
2395
1679
1767
2397
1679
1680
1768
2398
1682
1770
2400
1682
1683
1771
2401
1685
1773
2403
1685
1686
1774
2404
1688
1776
2406
1688
1689
1777
2407
1691
1779
2409
1691
1692
1780
2410
1694
1782
2412
1694
1695
1783
2413
1697
1785
2415
1697
1698
1786
2416
1700
1788
2418
1700
1701
1789
2419
1703
1791
2421
1703
1704
1792
2422
1706
1794
2424
1706
1707
1795
2425
1709
1797
2427
1709
1798
2428
1712
1802
1712
1713
1801
1715
1805
1715
1716
1804
1718
1808
1718
1719
1807
1721
1811
1721
1722
1810
1724
1814
1724
1725
1813
1727
1817
1727
1728
1816
1730
1820
1730
1731
1819
1733
1823
1733
1734
1822
1736
1826
1736
1737
1825
1739
1829
1739
1740
1828
1742
1832
1742
1743
1831
1745
1835
1745
1746
1834
1748
1838
1748
1749
1837
1751
1841
1751
1752
1840
1754
1844
1754
1755
1843
1757
1847
1757
1758
1846
1760
1850
1760
1761
1849
1763
1853
1763
1764
1852
1766
1856
1766
1767
1855
1769
1859
1769
1770
1858
1772
1862
1772
1773
1861
1775
1865
1775
1776
1864
1778
1868
1778
1779
1867
1781
1871
1781
1782
1870
1784
1874
1784
1785
1873
1787
1877
1787
1788
1876
1790
1880
1790
1791
1879
1793
1883
1793
1794
1882
1796
1886
1796
1797
1885
1799
1889
1799
1888
1802
1892
1802
1803
1891
1805
1895
1805
1806
1894
1808
1898
1808
1809
1897
1811
1901
1811
1812
1900
1814
1904
1814
1815
1903
1817
1907
1817
1818
1906
1820
1910
1820
1821
1909
1823
1913
1823
1824
1912
1826
1916
1826
1827
1915
1829
1919
1829
1830
1918
1832
1922
1832
1833
1921
1835
1925
1835
1836
1924
1838
1928
1838
1839
1927
1841
1931
1841
1842
1930
1844
1934
1844
1845
1933
1847
1937
1847
1848
1936
1850
1940
1850
1851
1939
1853
1943
1853
1854
1942
1856
1946
1856
1857
1945
1859
1949
1859
1860
1948
1862
1952
1862
1863
1951
1865
1955
1865
1866
1954
1868
1958
1868
1869
1957
1871
1961
1871
1872
1960
1874
1964
1874
1875
1963
1877
1967
1877
1878
1966
1880
1970
1880
1881
1969
1883
1973
1883
1884
1972
1886
1976
1886
1887
1975
1889
1979
1889
1978
1892
1982
2612
1892
1893
2611
1981
1895
1985
2615
1895
1896
2614
1984
1898
1988
2618
1898
1899
2617
1987
1901
1991
2621
1901
1902
2620
1990
1904
1994
2624
1904
1905
2623
1993
1907
1997
2627
1907
1908
2626
1996
1910
2000
2630
1910
1911
2629
1999
1913
2003
2633
1913
1914
2632
2002
1916
2006
2636
1916
1917
2635
2005
1919
2009
2639
1919
1920
2638
2008
1922
2012
2642
1922
1923
2641
2011
1925
2015
2645
1925
1926
2644
2014
1928
2018
2648
1928
1929
2647
2017
1931
2021
2651
1931
1932
2650
2020
1934
2024
2654
1934
1935
2653
2023
1937
2027
2657
1937
1938
2656
2026
1940
2030
2660
1940
1941
2659
2029
1943
2033
2663
1943
1944
2662
2032
1946
2036
2666
1946
1947
2665
2035
1949
2039
2669
1949
1950
2668
2038
1952
2042
2672
1952
1953
2671
2041
1955
2045
2675
1955
1956
2674
2044
1958
2048
2678
1958
1959
2677
2047
1961
2051
2681
1961
1962
2680
2050
1964
2054
2684
1964
1965
2683
2053
1967
2057
2687
1967
1968
2686
2056
1970
2060
2690
1970
1971
2689
2059
1973
2063
2693
1973
1974
2692
2062
1976
2066
2696
1976
1977
2695
2065
1979
2069
2699
1979
2698
2068
1982
2070
2700
1982
1983
2071
2701
1985
2073
2703
1985
1986
2074
2704
1988
2076
2706
1988
1989
2077
2707
1991
2079
2709
1991
1992
2080
2710
1994
2082
2712
1994
1995
2083
2713
1997
2085
2715
1997
1998
2086
2716
2000
2088
2718
2000
2001
2089
2719
2003
2091
2721
2003
2004
2092
2722
2006
2094
2724
2006
2007
2095
2725
2009
2097
2727
2009
2010
2098
2728
2012
2100
2730
2012
2013
2101
2731
2015
2103
2733
2015
2016
2104
2734
2018
2106
2736
2018
2019
2107
2737
2021
2109
2739
2021
2022
2110
2740
2024
2112
2742
2024
2025
2113
2743
2027
2115
2745
2027
2028
2116
2746
2030
2118
2748
2030
2031
2119
2749
2033
2121
2751
2033
2034
2122
2752
2036
2124
2754
2036
2037
2125
2755
2039
2127
2757
2039
2040
2128
2758
2042
2130
2760
2042
2043
2131
2761
2045
2133
2763
2045
2046
2134
2764
2048
2136
2766
2048
2049
2137
2767
2051
2139
2769
2051
2052
2140
2770
2054
2142
2772
2054
2055
2143
2773
2057
2145
2775
2057
2058
2146
2776
2060
2148
2778
2060
2061
2149
2779
2063
2151
2781
2063
2064
2152
2782
2066
2154
2784
2066
2067
2155
2785
2069
2157
2787
2069
2158
2788
2072
2072
2073
2075
2075
2076
2078
2078
2079
2081
2081
2082
2084
2084
2085
2087
2087
2088
2090
2090
2091
2093
2093
2094
2096
2096
2097
2099
2099
2100
2102
2102
2103
2105
2105
2106
2108
2108
2109
2111
2111
2112
2114
2114
2115
2117
2117
2118
2120
2120
2121
2123
2123
2124
2126
2126
2127
2129
2129
2130
2132
2132
2133
2135
2135
2136
2138
2138
2139
2141
2141
2142
2144
2144
2145
2147
2147
2148
2150
2150
2151
2153
2153
2154
2156
2156
2157
2159
2159
2162
2250
2162
2163
2251
2165
2253
2165
2166
2254
2168
2256
2168
2169
2257
2171
2259
2171
2172
2260
2174
2262
2174
2175
2263
2177
2265
2177
2178
2266
2180
2268
2180
2181
2269
2183
2271
2183
2184
2272
2186
2274
2186
2187
2275
2189
2277
2189
2190
2278
2192
2280
2192
2193
2281
2195
2283
2195
2196
2284
2198
2286
2198
2199
2287
2201
2289
2201
2202
2290
2204
2292
2204
2205
2293
2207
2295
2207
2208
2296
2210
2298
2210
2211
2299
2213
2301
2213
2214
2302
2216
2304
2216
2217
2305
2219
2307
2219
2220
2308
2222
2310
2222
2223
2311
2225
2313
2225
2226
2314
2228
2316
2228
2229
2317
2231
2319
2231
2232
2320
2234
2322
2234
2235
2323
2237
2325
2237
2238
2326
2240
2328
2240
2241
2329
2243
2331
2243
2244
2332
2246
2334
2246
2247
2335
2249
2337
2249
2338
2252
2342
2252
2253
2341
2255
2345
2255
2256
2344
2258
2348
2258
2259
2347
2261
2351
2261
2262
2350
2264
2354
2264
2265
2353
2267
2357
2267
2268
2356
2270
2360
2270
2271
2359
2273
2363
2273
2274
2362
2276
2366
2276
2277
2365
2279
2369
2279
2280
2368
2282
2372
2282
2283
2371
2285
2375
2285
2286
2374
2288
2378
2288
2289
2377
2291
2381
2291
2292
2380
2294
2384
2294
2295
2383
2297
2387
2297
2298
2386
2300
2390
2300
2301
2389
2303
2393
2303
2304
2392
2306
2396
2306
2307
2395
2309
2399
2309
2310
2398
2312
2402
2312
2313
2401
2315
2405
2315
2316
2404
2318
2408
2318
2319
2407
2321
2411
2321
2322
2410
2324
2414
2324
2325
2413
2327
2417
2327
2328
2416
2330
2420
2330
2331
2419
2333
2423
2333
2334
2422
2336
2426
2336
2337
2425
2339
2429
2339
2428
2342
2432
2342
2343
2431
2345
2435
2345
2346
2434
2348
2438
2348
2349
2437
2351
2441
2351
2352
2440
2354
2444
2354
2355
2443
2357
2447
2357
2358
2446
2360
2450
2360
2361
2449
2363
2453
2363
2364
2452
2366
2456
2366
2367
2455
2369
2459
2369
2370
2458
2372
2462
2372
2373
2461
2375
2465
2375
2376
2464
2378
2468
2378
2379
2467
2381
2471
2381
2382
2470
2384
2474
2384
2385
2473
2387
2477
2387
2388
2476
2390
2480
2390
2391
2479
2393
2483
2393
2394
2482
2396
2486
2396
2397
2485
2399
2489
2399
2400
2488
2402
2492
2402
2403
2491
2405
2495
2405
2406
2494
2408
2498
2408
2409
2497
2411
2501
2411
2412
2500
2414
2504
2414
2415
2503
2417
2507
2417
2418
2506
2420
2510
2420
2421
2509
2423
2513
2423
2424
2512
2426
2516
2426
2427
2515
2429
2519
2429
2518
2432
2522
2432
2433
2521
2435
2525
2435
2436
2524
2438
2528
2438
2439
2527
2441
2531
2441
2442
2530
2444
2534
2444
2445
2533
2447
2537
2447
2448
2536
2450
2540
2450
2451
2539
2453
2543
2453
2454
2542
2456
2546
2456
2457
2545
2459
2549
2459
2460
2548
2462
2552
2462
2463
2551
2465
2555
2465
2466
2554
2468
2558
2468
2469
2557
2471
2561
2471
2472
2560
2474
2564
2474
2475
2563
2477
2567
2477
2478
2566
2480
2570
2480
2481
2569
2483
2573
2483
2484
2572
2486
2576
2486
2487
2575
2489
2579
2489
2490
2578
2492
2582
2492
2493
2581
2495
2585
2495
2496
2584
2498
2588
2498
2499
2587
2501
2591
2501
2502
2590
2504
2594
2504
2505
2593
2507
2597
2507
2508
2596
2510
2600
2510
2511
2599
2513
2603
2513
2514
2602
2516
2606
2516
2517
2605
2519
2609
2519
2608
2522
2610
2522
2523
2611
2525
2613
2525
2526
2614
2528
2616
2528
2529
2617
2531
2619
2531
2532
2620
2534
2622
2534
2535
2623
2537
2625
2537
2538
2626
2540
2628
2540
2541
2629
2543
2631
2543
2544
2632
2546
2634
2546
2547
2635
2549
2637
2549
2550
2638
2552
2640
2552
2553
2641
2555
2643
2555
2556
2644
2558
2646
2558
2559
2647
2561
2649
2561
2562
2650
2564
2652
2564
2565
2653
2567
2655
2567
2568
2656
2570
2658
2570
2571
2659
2573
2661
2573
2574
2662
2576
2664
2576
2577
2665
2579
2667
2579
2580
2668
2582
2670
2582
2583
2671
2585
2673
2585
2586
2674
2588
2676
2588
2589
2677
2591
2679
2591
2592
2680
2594
2682
2594
2595
2683
2597
2685
2597
2598
2686
2600
2688
2600
2601
2689
2603
2691
2603
2604
2692
2606
2694
2606
2607
2695
2609
2697
2609
2698
2612
2702
2612
2613
2701
2615
2705
2615
2616
2704
2618
2708
2618
2619
2707
2621
2711
2621
2622
2710
2624
2714
2624
2625
2713
2627
2717
2627
2628
2716
2630
2720
2630
2631
2719
2633
2723
2633
2634
2722
2636
2726
2636
2637
2725
2639
2729
2639
2640
2728
2642
2732
2642
2643
2731
2645
2735
2645
2646
2734
2648
2738
2648
2649
2737
2651
2741
2651
2652
2740
2654
2744
2654
2655
2743
2657
2747
2657
2658
2746
2660
2750
2660
2661
2749
2663
2753
2663
2664
2752
2666
2756
2666
2667
2755
2669
2759
2669
2670
2758
2672
2762
2672
2673
2761
2675
2765
2675
2676
2764
2678
2768
2678
2679
2767
2681
2771
2681
2682
2770
2684
2774
2684
2685
2773
2687
2777
2687
2688
2776
2690
2780
2690
2691
2779
2693
2783
2693
2694
2782
2696
2786
2696
2697
2785
2699
2789
2699
2788
2702
2792
2702
2703
2791
2705
2795
2705
2706
2794
2708
2798
2708
2709
2797
2711
2801
2711
2712
2800
2714
2804
2714
2715
2803
2717
2807
2717
2718
2806
2720
2810
2720
2721
2809
2723
2813
2723
2724
2812
2726
2816
2726
2727
2815
2729
2819
2729
2730
2818
2732
2822
2732
2733
2821
2735
2825
2735
2736
2824
2738
2828
2738
2739
2827
2741
2831
2741
2742
2830
2744
2834
2744
2745
2833
2747
2837
2747
2748
2836
2750
2840
2750
2751
2839
2753
2843
2753
2754
2842
2756
2846
2756
2757
2845
2759
2849
2759
2760
2848
2762
2852
2762
2763
2851
2765
2855
2765
2766
2854
2768
2858
2768
2769
2857
2771
2861
2771
2772
2860
2774
2864
2774
2775
2863
2777
2867
2777
2778
2866
2780
2870
2780
2781
2869
2783
2873
2783
2784
2872
2786
2876
2786
2787
2875
2789
2879
2789
2878
2792
2792
2793
2795
2795
2796
2798
2798
2799
2801
2801
2802
2804
2804
2805
2807
2807
2808
2810
2810
2811
2813
2813
2814
2816
2816
2817
2819
2819
2820
2822
2822
2823
2825
2825
2826
2828
2828
2829
2831
2831
2832
2834
2834
2835
2837
2837
2838
2840
2840
2841
2843
2843
2844
2846
2846
2847
2849
2849
2850
2852
2852
2853
2855
2855
2856
2858
2858
2859
2861
2861
2862
2864
2864
2865
2867
2867
2868
2870
2870
2871
2873
2873
2874
2876
2876
2877
2879
2879
)


// ************************************************************************* //
