/*--------------------------------*- C++ -*----------------------------------*\
| =========                 |                                                 |
| \\      /  F ield         | OpenFOAM: The Open Source CFD Toolbox           |
|  \\    /   O peration     | Version:  v2012                                 |
|   \\  /    A nd           | Website:  www.openfoam.com                      |
|    \\/     M anipulation  |                                                 |
\*---------------------------------------------------------------------------*/
FoamFile
{
    version     2.0;
    format      ascii;
    class       vectorField;
    location    "constant/polyMesh";
    object      points;
}
// * * * * * * * * * * * * * * * * * * * * * * * * * * * * * * * * * * * * * //


3136
(
(0 0 0)
(1 0 0)
(0 1 0)
(1 1 0)
(0 0 6)
(0 1 6)
(1 1 6)
(1 0 6)
(0.1428571429 1 0)
(0.2857142857 1 0)
(0.4285714286 1 0)
(0.5714285714 1 0)
(0.7142857143 1 0)
(0.8571428571 1 0)
(1 0.8571428571 0)
(1 0.7142857143 0)
(1 0.5714285714 0)
(1 0.4285714286 0)
(1 0.2857142857 0)
(1 0.1428571429 0)
(0.8571428571 0 0)
(0.7142857143 0 0)
(0.5714285714 0 0)
(0.4285714286 0 0)
(0.2857142857 0 0)
(0.1428571429 0 0)
(0 0.1428571429 0)
(0 0.2857142857 0)
(0 0.4285714286 0)
(0 0.5714285714 0)
(0 0.7142857143 0)
(0 0.8571428571 0)
(0 0.1428571429 6)
(0 0.2857142857 6)
(0 0.4285714286 6)
(0 0.5714285714 6)
(0 0.7142857143 6)
(0 0.8571428571 6)
(0.1428571429 1 6)
(0.2857142857 1 6)
(0.4285714286 1 6)
(0.5714285714 1 6)
(0.7142857143 1 6)
(0.8571428571 1 6)
(1 0.8571428571 6)
(1 0.7142857143 6)
(1 0.5714285714 6)
(1 0.4285714286 6)
(1 0.2857142857 6)
(1 0.1428571429 6)
(0.8571428571 0 6)
(0.7142857143 0 6)
(0.5714285714 0 6)
(0.4285714286 0 6)
(0.2857142857 0 6)
(0.1428571429 0 6)
(0 0 0.125)
(0 0 0.25)
(0 0 0.375)
(0 0 0.5)
(0 0 0.625)
(0 0 0.75)
(0 0 0.875)
(0 0 1)
(0 0 1.125)
(0 0 1.25)
(0 0 1.375)
(0 0 1.5)
(0 0 1.625)
(0 0 1.75)
(0 0 1.875)
(0 0 2)
(0 0 2.125)
(0 0 2.25)
(0 0 2.375)
(0 0 2.5)
(0 0 2.625)
(0 0 2.75)
(0 0 2.875)
(0 0 3)
(0 0 3.125)
(0 0 3.25)
(0 0 3.375)
(0 0 3.5)
(0 0 3.625)
(0 0 3.75)
(0 0 3.875)
(0 0 4)
(0 0 4.125)
(0 0 4.25)
(0 0 4.375)
(0 0 4.5)
(0 0 4.625)
(0 0 4.75)
(0 0 4.875)
(0 0 5)
(0 0 5.125)
(0 0 5.25)
(0 0 5.375)
(0 0 5.5)
(0 0 5.625)
(0 0 5.75)
(0 0 5.875)
(0 1 0.125)
(0 1 0.25)
(0 1 0.375)
(0 1 0.5)
(0 1 0.625)
(0 1 0.75)
(0 1 0.875)
(0 1 1)
(0 1 1.125)
(0 1 1.25)
(0 1 1.375)
(0 1 1.5)
(0 1 1.625)
(0 1 1.75)
(0 1 1.875)
(0 1 2)
(0 1 2.125)
(0 1 2.25)
(0 1 2.375)
(0 1 2.5)
(0 1 2.625)
(0 1 2.75)
(0 1 2.875)
(0 1 3)
(0 1 3.125)
(0 1 3.25)
(0 1 3.375)
(0 1 3.5)
(0 1 3.625)
(0 1 3.75)
(0 1 3.875)
(0 1 4)
(0 1 4.125)
(0 1 4.25)
(0 1 4.375)
(0 1 4.5)
(0 1 4.625)
(0 1 4.75)
(0 1 4.875)
(0 1 5)
(0 1 5.125)
(0 1 5.25)
(0 1 5.375)
(0 1 5.5)
(0 1 5.625)
(0 1 5.75)
(0 1 5.875)
(1 1 0.125)
(1 1 0.25)
(1 1 0.375)
(1 1 0.5)
(1 1 0.625)
(1 1 0.75)
(1 1 0.875)
(1 1 1)
(1 1 1.125)
(1 1 1.25)
(1 1 1.375)
(1 1 1.5)
(1 1 1.625)
(1 1 1.75)
(1 1 1.875)
(1 1 2)
(1 1 2.125)
(1 1 2.25)
(1 1 2.375)
(1 1 2.5)
(1 1 2.625)
(1 1 2.75)
(1 1 2.875)
(1 1 3)
(1 1 3.125)
(1 1 3.25)
(1 1 3.375)
(1 1 3.5)
(1 1 3.625)
(1 1 3.75)
(1 1 3.875)
(1 1 4)
(1 1 4.125)
(1 1 4.25)
(1 1 4.375)
(1 1 4.5)
(1 1 4.625)
(1 1 4.75)
(1 1 4.875)
(1 1 5)
(1 1 5.125)
(1 1 5.25)
(1 1 5.375)
(1 1 5.5)
(1 1 5.625)
(1 1 5.75)
(1 1 5.875)
(1 0 0.125)
(1 0 0.25)
(1 0 0.375)
(1 0 0.5)
(1 0 0.625)
(1 0 0.75)
(1 0 0.875)
(1 0 1)
(1 0 1.125)
(1 0 1.25)
(1 0 1.375)
(1 0 1.5)
(1 0 1.625)
(1 0 1.75)
(1 0 1.875)
(1 0 2)
(1 0 2.125)
(1 0 2.25)
(1 0 2.375)
(1 0 2.5)
(1 0 2.625)
(1 0 2.75)
(1 0 2.875)
(1 0 3)
(1 0 3.125)
(1 0 3.25)
(1 0 3.375)
(1 0 3.5)
(1 0 3.625)
(1 0 3.75)
(1 0 3.875)
(1 0 4)
(1 0 4.125)
(1 0 4.25)
(1 0 4.375)
(1 0 4.5)
(1 0 4.625)
(1 0 4.75)
(1 0 4.875)
(1 0 5)
(1 0 5.125)
(1 0 5.25)
(1 0 5.375)
(1 0 5.5)
(1 0 5.625)
(1 0 5.75)
(1 0 5.875)
(0.1428571429 0.1428571429 0)
(0.2857142857 0.1428571429 0)
(0.4285714286 0.1428571429 0)
(0.5714285714 0.1428571429 0)
(0.7142857143 0.1428571429 0)
(0.8571428571 0.1428571429 0)
(0.1428571429 0.2857142857 0)
(0.2857142857 0.2857142857 0)
(0.4285714286 0.2857142857 0)
(0.5714285714 0.2857142857 0)
(0.7142857143 0.2857142857 0)
(0.8571428571 0.2857142857 0)
(0.1428571429 0.4285714286 0)
(0.2857142857 0.4285714286 0)
(0.4285714286 0.4285714286 0)
(0.5714285714 0.4285714286 0)
(0.7142857143 0.4285714286 0)
(0.8571428571 0.4285714286 0)
(0.1428571429 0.5714285714 0)
(0.2857142857 0.5714285714 0)
(0.4285714286 0.5714285714 0)
(0.5714285714 0.5714285714 0)
(0.7142857143 0.5714285714 0)
(0.8571428571 0.5714285714 0)
(0.1428571429 0.7142857143 0)
(0.2857142857 0.7142857143 0)
(0.4285714286 0.7142857143 0)
(0.5714285714 0.7142857143 0)
(0.7142857143 0.7142857143 0)
(0.8571428571 0.7142857143 0)
(0.1428571429 0.8571428571 0)
(0.2857142857 0.8571428571 0)
(0.4285714286 0.8571428571 0)
(0.5714285714 0.8571428571 0)
(0.7142857143 0.8571428571 0)
(0.8571428571 0.8571428571 0)
(0 0.1428571429 0.125)
(0 0.1428571429 0.25)
(0 0.1428571429 0.375)
(0 0.1428571429 0.5)
(0 0.1428571429 0.625)
(0 0.1428571429 0.75)
(0 0.1428571429 0.875)
(0 0.1428571429 1)
(0 0.1428571429 1.125)
(0 0.1428571429 1.25)
(0 0.1428571429 1.375)
(0 0.1428571429 1.5)
(0 0.1428571429 1.625)
(0 0.1428571429 1.75)
(0 0.1428571429 1.875)
(0 0.1428571429 2)
(0 0.1428571429 2.125)
(0 0.1428571429 2.25)
(0 0.1428571429 2.375)
(0 0.1428571429 2.5)
(0 0.1428571429 2.625)
(0 0.1428571429 2.75)
(0 0.1428571429 2.875)
(0 0.1428571429 3)
(0 0.1428571429 3.125)
(0 0.1428571429 3.25)
(0 0.1428571429 3.375)
(0 0.1428571429 3.5)
(0 0.1428571429 3.625)
(0 0.1428571429 3.75)
(0 0.1428571429 3.875)
(0 0.1428571429 4)
(0 0.1428571429 4.125)
(0 0.1428571429 4.25)
(0 0.1428571429 4.375)
(0 0.1428571429 4.5)
(0 0.1428571429 4.625)
(0 0.1428571429 4.75)
(0 0.1428571429 4.875)
(0 0.1428571429 5)
(0 0.1428571429 5.125)
(0 0.1428571429 5.25)
(0 0.1428571429 5.375)
(0 0.1428571429 5.5)
(0 0.1428571429 5.625)
(0 0.1428571429 5.75)
(0 0.1428571429 5.875)
(0 0.2857142857 0.125)
(0 0.2857142857 0.25)
(0 0.2857142857 0.375)
(0 0.2857142857 0.5)
(0 0.2857142857 0.625)
(0 0.2857142857 0.75)
(0 0.2857142857 0.875)
(0 0.2857142857 1)
(0 0.2857142857 1.125)
(0 0.2857142857 1.25)
(0 0.2857142857 1.375)
(0 0.2857142857 1.5)
(0 0.2857142857 1.625)
(0 0.2857142857 1.75)
(0 0.2857142857 1.875)
(0 0.2857142857 2)
(0 0.2857142857 2.125)
(0 0.2857142857 2.25)
(0 0.2857142857 2.375)
(0 0.2857142857 2.5)
(0 0.2857142857 2.625)
(0 0.2857142857 2.75)
(0 0.2857142857 2.875)
(0 0.2857142857 3)
(0 0.2857142857 3.125)
(0 0.2857142857 3.25)
(0 0.2857142857 3.375)
(0 0.2857142857 3.5)
(0 0.2857142857 3.625)
(0 0.2857142857 3.75)
(0 0.2857142857 3.875)
(0 0.2857142857 4)
(0 0.2857142857 4.125)
(0 0.2857142857 4.25)
(0 0.2857142857 4.375)
(0 0.2857142857 4.5)
(0 0.2857142857 4.625)
(0 0.2857142857 4.75)
(0 0.2857142857 4.875)
(0 0.2857142857 5)
(0 0.2857142857 5.125)
(0 0.2857142857 5.25)
(0 0.2857142857 5.375)
(0 0.2857142857 5.5)
(0 0.2857142857 5.625)
(0 0.2857142857 5.75)
(0 0.2857142857 5.875)
(0 0.4285714286 0.125)
(0 0.4285714286 0.25)
(0 0.4285714286 0.375)
(0 0.4285714286 0.5)
(0 0.4285714286 0.625)
(0 0.4285714286 0.75)
(0 0.4285714286 0.875)
(0 0.4285714286 1)
(0 0.4285714286 1.125)
(0 0.4285714286 1.25)
(0 0.4285714286 1.375)
(0 0.4285714286 1.5)
(0 0.4285714286 1.625)
(0 0.4285714286 1.75)
(0 0.4285714286 1.875)
(0 0.4285714286 2)
(0 0.4285714286 2.125)
(0 0.4285714286 2.25)
(0 0.4285714286 2.375)
(0 0.4285714286 2.5)
(0 0.4285714286 2.625)
(0 0.4285714286 2.75)
(0 0.4285714286 2.875)
(0 0.4285714286 3)
(0 0.4285714286 3.125)
(0 0.4285714286 3.25)
(0 0.4285714286 3.375)
(0 0.4285714286 3.5)
(0 0.4285714286 3.625)
(0 0.4285714286 3.75)
(0 0.4285714286 3.875)
(0 0.4285714286 4)
(0 0.4285714286 4.125)
(0 0.4285714286 4.25)
(0 0.4285714286 4.375)
(0 0.4285714286 4.5)
(0 0.4285714286 4.625)
(0 0.4285714286 4.75)
(0 0.4285714286 4.875)
(0 0.4285714286 5)
(0 0.4285714286 5.125)
(0 0.4285714286 5.25)
(0 0.4285714286 5.375)
(0 0.4285714286 5.5)
(0 0.4285714286 5.625)
(0 0.4285714286 5.75)
(0 0.4285714286 5.875)
(0 0.5714285714 0.125)
(0 0.5714285714 0.25)
(0 0.5714285714 0.375)
(0 0.5714285714 0.5)
(0 0.5714285714 0.625)
(0 0.5714285714 0.75)
(0 0.5714285714 0.875)
(0 0.5714285714 1)
(0 0.5714285714 1.125)
(0 0.5714285714 1.25)
(0 0.5714285714 1.375)
(0 0.5714285714 1.5)
(0 0.5714285714 1.625)
(0 0.5714285714 1.75)
(0 0.5714285714 1.875)
(0 0.5714285714 2)
(0 0.5714285714 2.125)
(0 0.5714285714 2.25)
(0 0.5714285714 2.375)
(0 0.5714285714 2.5)
(0 0.5714285714 2.625)
(0 0.5714285714 2.75)
(0 0.5714285714 2.875)
(0 0.5714285714 3)
(0 0.5714285714 3.125)
(0 0.5714285714 3.25)
(0 0.5714285714 3.375)
(0 0.5714285714 3.5)
(0 0.5714285714 3.625)
(0 0.5714285714 3.75)
(0 0.5714285714 3.875)
(0 0.5714285714 4)
(0 0.5714285714 4.125)
(0 0.5714285714 4.25)
(0 0.5714285714 4.375)
(0 0.5714285714 4.5)
(0 0.5714285714 4.625)
(0 0.5714285714 4.75)
(0 0.5714285714 4.875)
(0 0.5714285714 5)
(0 0.5714285714 5.125)
(0 0.5714285714 5.25)
(0 0.5714285714 5.375)
(0 0.5714285714 5.5)
(0 0.5714285714 5.625)
(0 0.5714285714 5.75)
(0 0.5714285714 5.875)
(0 0.7142857143 0.125)
(0 0.7142857143 0.25)
(0 0.7142857143 0.375)
(0 0.7142857143 0.5)
(0 0.7142857143 0.625)
(0 0.7142857143 0.75)
(0 0.7142857143 0.875)
(0 0.7142857143 1)
(0 0.7142857143 1.125)
(0 0.7142857143 1.25)
(0 0.7142857143 1.375)
(0 0.7142857143 1.5)
(0 0.7142857143 1.625)
(0 0.7142857143 1.75)
(0 0.7142857143 1.875)
(0 0.7142857143 2)
(0 0.7142857143 2.125)
(0 0.7142857143 2.25)
(0 0.7142857143 2.375)
(0 0.7142857143 2.5)
(0 0.7142857143 2.625)
(0 0.7142857143 2.75)
(0 0.7142857143 2.875)
(0 0.7142857143 3)
(0 0.7142857143 3.125)
(0 0.7142857143 3.25)
(0 0.7142857143 3.375)
(0 0.7142857143 3.5)
(0 0.7142857143 3.625)
(0 0.7142857143 3.75)
(0 0.7142857143 3.875)
(0 0.7142857143 4)
(0 0.7142857143 4.125)
(0 0.7142857143 4.25)
(0 0.7142857143 4.375)
(0 0.7142857143 4.5)
(0 0.7142857143 4.625)
(0 0.7142857143 4.75)
(0 0.7142857143 4.875)
(0 0.7142857143 5)
(0 0.7142857143 5.125)
(0 0.7142857143 5.25)
(0 0.7142857143 5.375)
(0 0.7142857143 5.5)
(0 0.7142857143 5.625)
(0 0.7142857143 5.75)
(0 0.7142857143 5.875)
(0 0.8571428571 0.125)
(0 0.8571428571 0.25)
(0 0.8571428571 0.375)
(0 0.8571428571 0.5)
(0 0.8571428571 0.625)
(0 0.8571428571 0.75)
(0 0.8571428571 0.875)
(0 0.8571428571 1)
(0 0.8571428571 1.125)
(0 0.8571428571 1.25)
(0 0.8571428571 1.375)
(0 0.8571428571 1.5)
(0 0.8571428571 1.625)
(0 0.8571428571 1.75)
(0 0.8571428571 1.875)
(0 0.8571428571 2)
(0 0.8571428571 2.125)
(0 0.8571428571 2.25)
(0 0.8571428571 2.375)
(0 0.8571428571 2.5)
(0 0.8571428571 2.625)
(0 0.8571428571 2.75)
(0 0.8571428571 2.875)
(0 0.8571428571 3)
(0 0.8571428571 3.125)
(0 0.8571428571 3.25)
(0 0.8571428571 3.375)
(0 0.8571428571 3.5)
(0 0.8571428571 3.625)
(0 0.8571428571 3.75)
(0 0.8571428571 3.875)
(0 0.8571428571 4)
(0 0.8571428571 4.125)
(0 0.8571428571 4.25)
(0 0.8571428571 4.375)
(0 0.8571428571 4.5)
(0 0.8571428571 4.625)
(0 0.8571428571 4.75)
(0 0.8571428571 4.875)
(0 0.8571428571 5)
(0 0.8571428571 5.125)
(0 0.8571428571 5.25)
(0 0.8571428571 5.375)
(0 0.8571428571 5.5)
(0 0.8571428571 5.625)
(0 0.8571428571 5.75)
(0 0.8571428571 5.875)
(0.1428571429 1 0.125)
(0.1428571429 1 0.25)
(0.1428571429 1 0.375)
(0.1428571429 1 0.5)
(0.1428571429 1 0.625)
(0.1428571429 1 0.75)
(0.1428571429 1 0.875)
(0.1428571429 1 1)
(0.1428571429 1 1.125)
(0.1428571429 1 1.25)
(0.1428571429 1 1.375)
(0.1428571429 1 1.5)
(0.1428571429 1 1.625)
(0.1428571429 1 1.75)
(0.1428571429 1 1.875)
(0.1428571429 1 2)
(0.1428571429 1 2.125)
(0.1428571429 1 2.25)
(0.1428571429 1 2.375)
(0.1428571429 1 2.5)
(0.1428571429 1 2.625)
(0.1428571429 1 2.75)
(0.1428571429 1 2.875)
(0.1428571429 1 3)
(0.1428571429 1 3.125)
(0.1428571429 1 3.25)
(0.1428571429 1 3.375)
(0.1428571429 1 3.5)
(0.1428571429 1 3.625)
(0.1428571429 1 3.75)
(0.1428571429 1 3.875)
(0.1428571429 1 4)
(0.1428571429 1 4.125)
(0.1428571429 1 4.25)
(0.1428571429 1 4.375)
(0.1428571429 1 4.5)
(0.1428571429 1 4.625)
(0.1428571429 1 4.75)
(0.1428571429 1 4.875)
(0.1428571429 1 5)
(0.1428571429 1 5.125)
(0.1428571429 1 5.25)
(0.1428571429 1 5.375)
(0.1428571429 1 5.5)
(0.1428571429 1 5.625)
(0.1428571429 1 5.75)
(0.1428571429 1 5.875)
(0.2857142857 1 0.125)
(0.2857142857 1 0.25)
(0.2857142857 1 0.375)
(0.2857142857 1 0.5)
(0.2857142857 1 0.625)
(0.2857142857 1 0.75)
(0.2857142857 1 0.875)
(0.2857142857 1 1)
(0.2857142857 1 1.125)
(0.2857142857 1 1.25)
(0.2857142857 1 1.375)
(0.2857142857 1 1.5)
(0.2857142857 1 1.625)
(0.2857142857 1 1.75)
(0.2857142857 1 1.875)
(0.2857142857 1 2)
(0.2857142857 1 2.125)
(0.2857142857 1 2.25)
(0.2857142857 1 2.375)
(0.2857142857 1 2.5)
(0.2857142857 1 2.625)
(0.2857142857 1 2.75)
(0.2857142857 1 2.875)
(0.2857142857 1 3)
(0.2857142857 1 3.125)
(0.2857142857 1 3.25)
(0.2857142857 1 3.375)
(0.2857142857 1 3.5)
(0.2857142857 1 3.625)
(0.2857142857 1 3.75)
(0.2857142857 1 3.875)
(0.2857142857 1 4)
(0.2857142857 1 4.125)
(0.2857142857 1 4.25)
(0.2857142857 1 4.375)
(0.2857142857 1 4.5)
(0.2857142857 1 4.625)
(0.2857142857 1 4.75)
(0.2857142857 1 4.875)
(0.2857142857 1 5)
(0.2857142857 1 5.125)
(0.2857142857 1 5.25)
(0.2857142857 1 5.375)
(0.2857142857 1 5.5)
(0.2857142857 1 5.625)
(0.2857142857 1 5.75)
(0.2857142857 1 5.875)
(0.4285714286 1 0.125)
(0.4285714286 1 0.25)
(0.4285714286 1 0.375)
(0.4285714286 1 0.5)
(0.4285714286 1 0.625)
(0.4285714286 1 0.75)
(0.4285714286 1 0.875)
(0.4285714286 1 1)
(0.4285714286 1 1.125)
(0.4285714286 1 1.25)
(0.4285714286 1 1.375)
(0.4285714286 1 1.5)
(0.4285714286 1 1.625)
(0.4285714286 1 1.75)
(0.4285714286 1 1.875)
(0.4285714286 1 2)
(0.4285714286 1 2.125)
(0.4285714286 1 2.25)
(0.4285714286 1 2.375)
(0.4285714286 1 2.5)
(0.4285714286 1 2.625)
(0.4285714286 1 2.75)
(0.4285714286 1 2.875)
(0.4285714286 1 3)
(0.4285714286 1 3.125)
(0.4285714286 1 3.25)
(0.4285714286 1 3.375)
(0.4285714286 1 3.5)
(0.4285714286 1 3.625)
(0.4285714286 1 3.75)
(0.4285714286 1 3.875)
(0.4285714286 1 4)
(0.4285714286 1 4.125)
(0.4285714286 1 4.25)
(0.4285714286 1 4.375)
(0.4285714286 1 4.5)
(0.4285714286 1 4.625)
(0.4285714286 1 4.75)
(0.4285714286 1 4.875)
(0.4285714286 1 5)
(0.4285714286 1 5.125)
(0.4285714286 1 5.25)
(0.4285714286 1 5.375)
(0.4285714286 1 5.5)
(0.4285714286 1 5.625)
(0.4285714286 1 5.75)
(0.4285714286 1 5.875)
(0.5714285714 1 0.125)
(0.5714285714 1 0.25)
(0.5714285714 1 0.375)
(0.5714285714 1 0.5)
(0.5714285714 1 0.625)
(0.5714285714 1 0.75)
(0.5714285714 1 0.875)
(0.5714285714 1 1)
(0.5714285714 1 1.125)
(0.5714285714 1 1.25)
(0.5714285714 1 1.375)
(0.5714285714 1 1.5)
(0.5714285714 1 1.625)
(0.5714285714 1 1.75)
(0.5714285714 1 1.875)
(0.5714285714 1 2)
(0.5714285714 1 2.125)
(0.5714285714 1 2.25)
(0.5714285714 1 2.375)
(0.5714285714 1 2.5)
(0.5714285714 1 2.625)
(0.5714285714 1 2.75)
(0.5714285714 1 2.875)
(0.5714285714 1 3)
(0.5714285714 1 3.125)
(0.5714285714 1 3.25)
(0.5714285714 1 3.375)
(0.5714285714 1 3.5)
(0.5714285714 1 3.625)
(0.5714285714 1 3.75)
(0.5714285714 1 3.875)
(0.5714285714 1 4)
(0.5714285714 1 4.125)
(0.5714285714 1 4.25)
(0.5714285714 1 4.375)
(0.5714285714 1 4.5)
(0.5714285714 1 4.625)
(0.5714285714 1 4.75)
(0.5714285714 1 4.875)
(0.5714285714 1 5)
(0.5714285714 1 5.125)
(0.5714285714 1 5.25)
(0.5714285714 1 5.375)
(0.5714285714 1 5.5)
(0.5714285714 1 5.625)
(0.5714285714 1 5.75)
(0.5714285714 1 5.875)
(0.7142857143 1 0.125)
(0.7142857143 1 0.25)
(0.7142857143 1 0.375)
(0.7142857143 1 0.5)
(0.7142857143 1 0.625)
(0.7142857143 1 0.75)
(0.7142857143 1 0.875)
(0.7142857143 1 1)
(0.7142857143 1 1.125)
(0.7142857143 1 1.25)
(0.7142857143 1 1.375)
(0.7142857143 1 1.5)
(0.7142857143 1 1.625)
(0.7142857143 1 1.75)
(0.7142857143 1 1.875)
(0.7142857143 1 2)
(0.7142857143 1 2.125)
(0.7142857143 1 2.25)
(0.7142857143 1 2.375)
(0.7142857143 1 2.5)
(0.7142857143 1 2.625)
(0.7142857143 1 2.75)
(0.7142857143 1 2.875)
(0.7142857143 1 3)
(0.7142857143 1 3.125)
(0.7142857143 1 3.25)
(0.7142857143 1 3.375)
(0.7142857143 1 3.5)
(0.7142857143 1 3.625)
(0.7142857143 1 3.75)
(0.7142857143 1 3.875)
(0.7142857143 1 4)
(0.7142857143 1 4.125)
(0.7142857143 1 4.25)
(0.7142857143 1 4.375)
(0.7142857143 1 4.5)
(0.7142857143 1 4.625)
(0.7142857143 1 4.75)
(0.7142857143 1 4.875)
(0.7142857143 1 5)
(0.7142857143 1 5.125)
(0.7142857143 1 5.25)
(0.7142857143 1 5.375)
(0.7142857143 1 5.5)
(0.7142857143 1 5.625)
(0.7142857143 1 5.75)
(0.7142857143 1 5.875)
(0.8571428571 1 0.125)
(0.8571428571 1 0.25)
(0.8571428571 1 0.375)
(0.8571428571 1 0.5)
(0.8571428571 1 0.625)
(0.8571428571 1 0.75)
(0.8571428571 1 0.875)
(0.8571428571 1 1)
(0.8571428571 1 1.125)
(0.8571428571 1 1.25)
(0.8571428571 1 1.375)
(0.8571428571 1 1.5)
(0.8571428571 1 1.625)
(0.8571428571 1 1.75)
(0.8571428571 1 1.875)
(0.8571428571 1 2)
(0.8571428571 1 2.125)
(0.8571428571 1 2.25)
(0.8571428571 1 2.375)
(0.8571428571 1 2.5)
(0.8571428571 1 2.625)
(0.8571428571 1 2.75)
(0.8571428571 1 2.875)
(0.8571428571 1 3)
(0.8571428571 1 3.125)
(0.8571428571 1 3.25)
(0.8571428571 1 3.375)
(0.8571428571 1 3.5)
(0.8571428571 1 3.625)
(0.8571428571 1 3.75)
(0.8571428571 1 3.875)
(0.8571428571 1 4)
(0.8571428571 1 4.125)
(0.8571428571 1 4.25)
(0.8571428571 1 4.375)
(0.8571428571 1 4.5)
(0.8571428571 1 4.625)
(0.8571428571 1 4.75)
(0.8571428571 1 4.875)
(0.8571428571 1 5)
(0.8571428571 1 5.125)
(0.8571428571 1 5.25)
(0.8571428571 1 5.375)
(0.8571428571 1 5.5)
(0.8571428571 1 5.625)
(0.8571428571 1 5.75)
(0.8571428571 1 5.875)
(1 0.8571428571 0.125)
(1 0.8571428571 0.25)
(1 0.8571428571 0.375)
(1 0.8571428571 0.5)
(1 0.8571428571 0.625)
(1 0.8571428571 0.75)
(1 0.8571428571 0.875)
(1 0.8571428571 1)
(1 0.8571428571 1.125)
(1 0.8571428571 1.25)
(1 0.8571428571 1.375)
(1 0.8571428571 1.5)
(1 0.8571428571 1.625)
(1 0.8571428571 1.75)
(1 0.8571428571 1.875)
(1 0.8571428571 2)
(1 0.8571428571 2.125)
(1 0.8571428571 2.25)
(1 0.8571428571 2.375)
(1 0.8571428571 2.5)
(1 0.8571428571 2.625)
(1 0.8571428571 2.75)
(1 0.8571428571 2.875)
(1 0.8571428571 3)
(1 0.8571428571 3.125)
(1 0.8571428571 3.25)
(1 0.8571428571 3.375)
(1 0.8571428571 3.5)
(1 0.8571428571 3.625)
(1 0.8571428571 3.75)
(1 0.8571428571 3.875)
(1 0.8571428571 4)
(1 0.8571428571 4.125)
(1 0.8571428571 4.25)
(1 0.8571428571 4.375)
(1 0.8571428571 4.5)
(1 0.8571428571 4.625)
(1 0.8571428571 4.75)
(1 0.8571428571 4.875)
(1 0.8571428571 5)
(1 0.8571428571 5.125)
(1 0.8571428571 5.25)
(1 0.8571428571 5.375)
(1 0.8571428571 5.5)
(1 0.8571428571 5.625)
(1 0.8571428571 5.75)
(1 0.8571428571 5.875)
(1 0.7142857143 0.125)
(1 0.7142857143 0.25)
(1 0.7142857143 0.375)
(1 0.7142857143 0.5)
(1 0.7142857143 0.625)
(1 0.7142857143 0.75)
(1 0.7142857143 0.875)
(1 0.7142857143 1)
(1 0.7142857143 1.125)
(1 0.7142857143 1.25)
(1 0.7142857143 1.375)
(1 0.7142857143 1.5)
(1 0.7142857143 1.625)
(1 0.7142857143 1.75)
(1 0.7142857143 1.875)
(1 0.7142857143 2)
(1 0.7142857143 2.125)
(1 0.7142857143 2.25)
(1 0.7142857143 2.375)
(1 0.7142857143 2.5)
(1 0.7142857143 2.625)
(1 0.7142857143 2.75)
(1 0.7142857143 2.875)
(1 0.7142857143 3)
(1 0.7142857143 3.125)
(1 0.7142857143 3.25)
(1 0.7142857143 3.375)
(1 0.7142857143 3.5)
(1 0.7142857143 3.625)
(1 0.7142857143 3.75)
(1 0.7142857143 3.875)
(1 0.7142857143 4)
(1 0.7142857143 4.125)
(1 0.7142857143 4.25)
(1 0.7142857143 4.375)
(1 0.7142857143 4.5)
(1 0.7142857143 4.625)
(1 0.7142857143 4.75)
(1 0.7142857143 4.875)
(1 0.7142857143 5)
(1 0.7142857143 5.125)
(1 0.7142857143 5.25)
(1 0.7142857143 5.375)
(1 0.7142857143 5.5)
(1 0.7142857143 5.625)
(1 0.7142857143 5.75)
(1 0.7142857143 5.875)
(1 0.5714285714 0.125)
(1 0.5714285714 0.25)
(1 0.5714285714 0.375)
(1 0.5714285714 0.5)
(1 0.5714285714 0.625)
(1 0.5714285714 0.75)
(1 0.5714285714 0.875)
(1 0.5714285714 1)
(1 0.5714285714 1.125)
(1 0.5714285714 1.25)
(1 0.5714285714 1.375)
(1 0.5714285714 1.5)
(1 0.5714285714 1.625)
(1 0.5714285714 1.75)
(1 0.5714285714 1.875)
(1 0.5714285714 2)
(1 0.5714285714 2.125)
(1 0.5714285714 2.25)
(1 0.5714285714 2.375)
(1 0.5714285714 2.5)
(1 0.5714285714 2.625)
(1 0.5714285714 2.75)
(1 0.5714285714 2.875)
(1 0.5714285714 3)
(1 0.5714285714 3.125)
(1 0.5714285714 3.25)
(1 0.5714285714 3.375)
(1 0.5714285714 3.5)
(1 0.5714285714 3.625)
(1 0.5714285714 3.75)
(1 0.5714285714 3.875)
(1 0.5714285714 4)
(1 0.5714285714 4.125)
(1 0.5714285714 4.25)
(1 0.5714285714 4.375)
(1 0.5714285714 4.5)
(1 0.5714285714 4.625)
(1 0.5714285714 4.75)
(1 0.5714285714 4.875)
(1 0.5714285714 5)
(1 0.5714285714 5.125)
(1 0.5714285714 5.25)
(1 0.5714285714 5.375)
(1 0.5714285714 5.5)
(1 0.5714285714 5.625)
(1 0.5714285714 5.75)
(1 0.5714285714 5.875)
(1 0.4285714286 0.125)
(1 0.4285714286 0.25)
(1 0.4285714286 0.375)
(1 0.4285714286 0.5)
(1 0.4285714286 0.625)
(1 0.4285714286 0.75)
(1 0.4285714286 0.875)
(1 0.4285714286 1)
(1 0.4285714286 1.125)
(1 0.4285714286 1.25)
(1 0.4285714286 1.375)
(1 0.4285714286 1.5)
(1 0.4285714286 1.625)
(1 0.4285714286 1.75)
(1 0.4285714286 1.875)
(1 0.4285714286 2)
(1 0.4285714286 2.125)
(1 0.4285714286 2.25)
(1 0.4285714286 2.375)
(1 0.4285714286 2.5)
(1 0.4285714286 2.625)
(1 0.4285714286 2.75)
(1 0.4285714286 2.875)
(1 0.4285714286 3)
(1 0.4285714286 3.125)
(1 0.4285714286 3.25)
(1 0.4285714286 3.375)
(1 0.4285714286 3.5)
(1 0.4285714286 3.625)
(1 0.4285714286 3.75)
(1 0.4285714286 3.875)
(1 0.4285714286 4)
(1 0.4285714286 4.125)
(1 0.4285714286 4.25)
(1 0.4285714286 4.375)
(1 0.4285714286 4.5)
(1 0.4285714286 4.625)
(1 0.4285714286 4.75)
(1 0.4285714286 4.875)
(1 0.4285714286 5)
(1 0.4285714286 5.125)
(1 0.4285714286 5.25)
(1 0.4285714286 5.375)
(1 0.4285714286 5.5)
(1 0.4285714286 5.625)
(1 0.4285714286 5.75)
(1 0.4285714286 5.875)
(1 0.2857142857 0.125)
(1 0.2857142857 0.25)
(1 0.2857142857 0.375)
(1 0.2857142857 0.5)
(1 0.2857142857 0.625)
(1 0.2857142857 0.75)
(1 0.2857142857 0.875)
(1 0.2857142857 1)
(1 0.2857142857 1.125)
(1 0.2857142857 1.25)
(1 0.2857142857 1.375)
(1 0.2857142857 1.5)
(1 0.2857142857 1.625)
(1 0.2857142857 1.75)
(1 0.2857142857 1.875)
(1 0.2857142857 2)
(1 0.2857142857 2.125)
(1 0.2857142857 2.25)
(1 0.2857142857 2.375)
(1 0.2857142857 2.5)
(1 0.2857142857 2.625)
(1 0.2857142857 2.75)
(1 0.2857142857 2.875)
(1 0.2857142857 3)
(1 0.2857142857 3.125)
(1 0.2857142857 3.25)
(1 0.2857142857 3.375)
(1 0.2857142857 3.5)
(1 0.2857142857 3.625)
(1 0.2857142857 3.75)
(1 0.2857142857 3.875)
(1 0.2857142857 4)
(1 0.2857142857 4.125)
(1 0.2857142857 4.25)
(1 0.2857142857 4.375)
(1 0.2857142857 4.5)
(1 0.2857142857 4.625)
(1 0.2857142857 4.75)
(1 0.2857142857 4.875)
(1 0.2857142857 5)
(1 0.2857142857 5.125)
(1 0.2857142857 5.25)
(1 0.2857142857 5.375)
(1 0.2857142857 5.5)
(1 0.2857142857 5.625)
(1 0.2857142857 5.75)
(1 0.2857142857 5.875)
(1 0.1428571429 0.125)
(1 0.1428571429 0.25)
(1 0.1428571429 0.375)
(1 0.1428571429 0.5)
(1 0.1428571429 0.625)
(1 0.1428571429 0.75)
(1 0.1428571429 0.875)
(1 0.1428571429 1)
(1 0.1428571429 1.125)
(1 0.1428571429 1.25)
(1 0.1428571429 1.375)
(1 0.1428571429 1.5)
(1 0.1428571429 1.625)
(1 0.1428571429 1.75)
(1 0.1428571429 1.875)
(1 0.1428571429 2)
(1 0.1428571429 2.125)
(1 0.1428571429 2.25)
(1 0.1428571429 2.375)
(1 0.1428571429 2.5)
(1 0.1428571429 2.625)
(1 0.1428571429 2.75)
(1 0.1428571429 2.875)
(1 0.1428571429 3)
(1 0.1428571429 3.125)
(1 0.1428571429 3.25)
(1 0.1428571429 3.375)
(1 0.1428571429 3.5)
(1 0.1428571429 3.625)
(1 0.1428571429 3.75)
(1 0.1428571429 3.875)
(1 0.1428571429 4)
(1 0.1428571429 4.125)
(1 0.1428571429 4.25)
(1 0.1428571429 4.375)
(1 0.1428571429 4.5)
(1 0.1428571429 4.625)
(1 0.1428571429 4.75)
(1 0.1428571429 4.875)
(1 0.1428571429 5)
(1 0.1428571429 5.125)
(1 0.1428571429 5.25)
(1 0.1428571429 5.375)
(1 0.1428571429 5.5)
(1 0.1428571429 5.625)
(1 0.1428571429 5.75)
(1 0.1428571429 5.875)
(0.8571428571 0 0.125)
(0.8571428571 0 0.25)
(0.8571428571 0 0.375)
(0.8571428571 0 0.5)
(0.8571428571 0 0.625)
(0.8571428571 0 0.75)
(0.8571428571 0 0.875)
(0.8571428571 0 1)
(0.8571428571 0 1.125)
(0.8571428571 0 1.25)
(0.8571428571 0 1.375)
(0.8571428571 0 1.5)
(0.8571428571 0 1.625)
(0.8571428571 0 1.75)
(0.8571428571 0 1.875)
(0.8571428571 0 2)
(0.8571428571 0 2.125)
(0.8571428571 0 2.25)
(0.8571428571 0 2.375)
(0.8571428571 0 2.5)
(0.8571428571 0 2.625)
(0.8571428571 0 2.75)
(0.8571428571 0 2.875)
(0.8571428571 0 3)
(0.8571428571 0 3.125)
(0.8571428571 0 3.25)
(0.8571428571 0 3.375)
(0.8571428571 0 3.5)
(0.8571428571 0 3.625)
(0.8571428571 0 3.75)
(0.8571428571 0 3.875)
(0.8571428571 0 4)
(0.8571428571 0 4.125)
(0.8571428571 0 4.25)
(0.8571428571 0 4.375)
(0.8571428571 0 4.5)
(0.8571428571 0 4.625)
(0.8571428571 0 4.75)
(0.8571428571 0 4.875)
(0.8571428571 0 5)
(0.8571428571 0 5.125)
(0.8571428571 0 5.25)
(0.8571428571 0 5.375)
(0.8571428571 0 5.5)
(0.8571428571 0 5.625)
(0.8571428571 0 5.75)
(0.8571428571 0 5.875)
(0.7142857143 0 0.125)
(0.7142857143 0 0.25)
(0.7142857143 0 0.375)
(0.7142857143 0 0.5)
(0.7142857143 0 0.625)
(0.7142857143 0 0.75)
(0.7142857143 0 0.875)
(0.7142857143 0 1)
(0.7142857143 0 1.125)
(0.7142857143 0 1.25)
(0.7142857143 0 1.375)
(0.7142857143 0 1.5)
(0.7142857143 0 1.625)
(0.7142857143 0 1.75)
(0.7142857143 0 1.875)
(0.7142857143 0 2)
(0.7142857143 0 2.125)
(0.7142857143 0 2.25)
(0.7142857143 0 2.375)
(0.7142857143 0 2.5)
(0.7142857143 0 2.625)
(0.7142857143 0 2.75)
(0.7142857143 0 2.875)
(0.7142857143 0 3)
(0.7142857143 0 3.125)
(0.7142857143 0 3.25)
(0.7142857143 0 3.375)
(0.7142857143 0 3.5)
(0.7142857143 0 3.625)
(0.7142857143 0 3.75)
(0.7142857143 0 3.875)
(0.7142857143 0 4)
(0.7142857143 0 4.125)
(0.7142857143 0 4.25)
(0.7142857143 0 4.375)
(0.7142857143 0 4.5)
(0.7142857143 0 4.625)
(0.7142857143 0 4.75)
(0.7142857143 0 4.875)
(0.7142857143 0 5)
(0.7142857143 0 5.125)
(0.7142857143 0 5.25)
(0.7142857143 0 5.375)
(0.7142857143 0 5.5)
(0.7142857143 0 5.625)
(0.7142857143 0 5.75)
(0.7142857143 0 5.875)
(0.5714285714 0 0.125)
(0.5714285714 0 0.25)
(0.5714285714 0 0.375)
(0.5714285714 0 0.5)
(0.5714285714 0 0.625)
(0.5714285714 0 0.75)
(0.5714285714 0 0.875)
(0.5714285714 0 1)
(0.5714285714 0 1.125)
(0.5714285714 0 1.25)
(0.5714285714 0 1.375)
(0.5714285714 0 1.5)
(0.5714285714 0 1.625)
(0.5714285714 0 1.75)
(0.5714285714 0 1.875)
(0.5714285714 0 2)
(0.5714285714 0 2.125)
(0.5714285714 0 2.25)
(0.5714285714 0 2.375)
(0.5714285714 0 2.5)
(0.5714285714 0 2.625)
(0.5714285714 0 2.75)
(0.5714285714 0 2.875)
(0.5714285714 0 3)
(0.5714285714 0 3.125)
(0.5714285714 0 3.25)
(0.5714285714 0 3.375)
(0.5714285714 0 3.5)
(0.5714285714 0 3.625)
(0.5714285714 0 3.75)
(0.5714285714 0 3.875)
(0.5714285714 0 4)
(0.5714285714 0 4.125)
(0.5714285714 0 4.25)
(0.5714285714 0 4.375)
(0.5714285714 0 4.5)
(0.5714285714 0 4.625)
(0.5714285714 0 4.75)
(0.5714285714 0 4.875)
(0.5714285714 0 5)
(0.5714285714 0 5.125)
(0.5714285714 0 5.25)
(0.5714285714 0 5.375)
(0.5714285714 0 5.5)
(0.5714285714 0 5.625)
(0.5714285714 0 5.75)
(0.5714285714 0 5.875)
(0.4285714286 0 0.125)
(0.4285714286 0 0.25)
(0.4285714286 0 0.375)
(0.4285714286 0 0.5)
(0.4285714286 0 0.625)
(0.4285714286 0 0.75)
(0.4285714286 0 0.875)
(0.4285714286 0 1)
(0.4285714286 0 1.125)
(0.4285714286 0 1.25)
(0.4285714286 0 1.375)
(0.4285714286 0 1.5)
(0.4285714286 0 1.625)
(0.4285714286 0 1.75)
(0.4285714286 0 1.875)
(0.4285714286 0 2)
(0.4285714286 0 2.125)
(0.4285714286 0 2.25)
(0.4285714286 0 2.375)
(0.4285714286 0 2.5)
(0.4285714286 0 2.625)
(0.4285714286 0 2.75)
(0.4285714286 0 2.875)
(0.4285714286 0 3)
(0.4285714286 0 3.125)
(0.4285714286 0 3.25)
(0.4285714286 0 3.375)
(0.4285714286 0 3.5)
(0.4285714286 0 3.625)
(0.4285714286 0 3.75)
(0.4285714286 0 3.875)
(0.4285714286 0 4)
(0.4285714286 0 4.125)
(0.4285714286 0 4.25)
(0.4285714286 0 4.375)
(0.4285714286 0 4.5)
(0.4285714286 0 4.625)
(0.4285714286 0 4.75)
(0.4285714286 0 4.875)
(0.4285714286 0 5)
(0.4285714286 0 5.125)
(0.4285714286 0 5.25)
(0.4285714286 0 5.375)
(0.4285714286 0 5.5)
(0.4285714286 0 5.625)
(0.4285714286 0 5.75)
(0.4285714286 0 5.875)
(0.2857142857 0 0.125)
(0.2857142857 0 0.25)
(0.2857142857 0 0.375)
(0.2857142857 0 0.5)
(0.2857142857 0 0.625)
(0.2857142857 0 0.75)
(0.2857142857 0 0.875)
(0.2857142857 0 1)
(0.2857142857 0 1.125)
(0.2857142857 0 1.25)
(0.2857142857 0 1.375)
(0.2857142857 0 1.5)
(0.2857142857 0 1.625)
(0.2857142857 0 1.75)
(0.2857142857 0 1.875)
(0.2857142857 0 2)
(0.2857142857 0 2.125)
(0.2857142857 0 2.25)
(0.2857142857 0 2.375)
(0.2857142857 0 2.5)
(0.2857142857 0 2.625)
(0.2857142857 0 2.75)
(0.2857142857 0 2.875)
(0.2857142857 0 3)
(0.2857142857 0 3.125)
(0.2857142857 0 3.25)
(0.2857142857 0 3.375)
(0.2857142857 0 3.5)
(0.2857142857 0 3.625)
(0.2857142857 0 3.75)
(0.2857142857 0 3.875)
(0.2857142857 0 4)
(0.2857142857 0 4.125)
(0.2857142857 0 4.25)
(0.2857142857 0 4.375)
(0.2857142857 0 4.5)
(0.2857142857 0 4.625)
(0.2857142857 0 4.75)
(0.2857142857 0 4.875)
(0.2857142857 0 5)
(0.2857142857 0 5.125)
(0.2857142857 0 5.25)
(0.2857142857 0 5.375)
(0.2857142857 0 5.5)
(0.2857142857 0 5.625)
(0.2857142857 0 5.75)
(0.2857142857 0 5.875)
(0.1428571429 0 0.125)
(0.1428571429 0 0.25)
(0.1428571429 0 0.375)
(0.1428571429 0 0.5)
(0.1428571429 0 0.625)
(0.1428571429 0 0.75)
(0.1428571429 0 0.875)
(0.1428571429 0 1)
(0.1428571429 0 1.125)
(0.1428571429 0 1.25)
(0.1428571429 0 1.375)
(0.1428571429 0 1.5)
(0.1428571429 0 1.625)
(0.1428571429 0 1.75)
(0.1428571429 0 1.875)
(0.1428571429 0 2)
(0.1428571429 0 2.125)
(0.1428571429 0 2.25)
(0.1428571429 0 2.375)
(0.1428571429 0 2.5)
(0.1428571429 0 2.625)
(0.1428571429 0 2.75)
(0.1428571429 0 2.875)
(0.1428571429 0 3)
(0.1428571429 0 3.125)
(0.1428571429 0 3.25)
(0.1428571429 0 3.375)
(0.1428571429 0 3.5)
(0.1428571429 0 3.625)
(0.1428571429 0 3.75)
(0.1428571429 0 3.875)
(0.1428571429 0 4)
(0.1428571429 0 4.125)
(0.1428571429 0 4.25)
(0.1428571429 0 4.375)
(0.1428571429 0 4.5)
(0.1428571429 0 4.625)
(0.1428571429 0 4.75)
(0.1428571429 0 4.875)
(0.1428571429 0 5)
(0.1428571429 0 5.125)
(0.1428571429 0 5.25)
(0.1428571429 0 5.375)
(0.1428571429 0 5.5)
(0.1428571429 0 5.625)
(0.1428571429 0 5.75)
(0.1428571429 0 5.875)
(0.1428571429 0.1428571429 6)
(0.2857142857 0.1428571429 6)
(0.4285714286 0.1428571429 6)
(0.5714285714 0.1428571429 6)
(0.7142857143 0.1428571429 6)
(0.8571428571 0.1428571429 6)
(0.1428571429 0.2857142857 6)
(0.2857142857 0.2857142857 6)
(0.4285714286 0.2857142857 6)
(0.5714285714 0.2857142857 6)
(0.7142857143 0.2857142857 6)
(0.8571428571 0.2857142857 6)
(0.1428571429 0.4285714286 6)
(0.2857142857 0.4285714286 6)
(0.4285714286 0.4285714286 6)
(0.5714285714 0.4285714286 6)
(0.7142857143 0.4285714286 6)
(0.8571428571 0.4285714286 6)
(0.1428571429 0.5714285714 6)
(0.2857142857 0.5714285714 6)
(0.4285714286 0.5714285714 6)
(0.5714285714 0.5714285714 6)
(0.7142857143 0.5714285714 6)
(0.8571428571 0.5714285714 6)
(0.1428571429 0.7142857143 6)
(0.2857142857 0.7142857143 6)
(0.4285714286 0.7142857143 6)
(0.5714285714 0.7142857143 6)
(0.7142857143 0.7142857143 6)
(0.8571428571 0.7142857143 6)
(0.1428571429 0.8571428571 6)
(0.2857142857 0.8571428571 6)
(0.4285714286 0.8571428571 6)
(0.5714285714 0.8571428571 6)
(0.7142857143 0.8571428571 6)
(0.8571428571 0.8571428571 6)
(0.1428571429 0.1428571429 0.125)
(0.1428571429 0.1428571429 0.25)
(0.1428571429 0.1428571429 0.375)
(0.1428571429 0.1428571429 0.5)
(0.1428571429 0.1428571429 0.625)
(0.1428571429 0.1428571429 0.75)
(0.1428571429 0.1428571429 0.875)
(0.1428571429 0.1428571429 1)
(0.1428571429 0.1428571429 1.125)
(0.1428571429 0.1428571429 1.25)
(0.1428571429 0.1428571429 1.375)
(0.1428571429 0.1428571429 1.5)
(0.1428571429 0.1428571429 1.625)
(0.1428571429 0.1428571429 1.75)
(0.1428571429 0.1428571429 1.875)
(0.1428571429 0.1428571429 2)
(0.1428571429 0.1428571429 2.125)
(0.1428571429 0.1428571429 2.25)
(0.1428571429 0.1428571429 2.375)
(0.1428571429 0.1428571429 2.5)
(0.1428571429 0.1428571429 2.625)
(0.1428571429 0.1428571429 2.75)
(0.1428571429 0.1428571429 2.875)
(0.1428571429 0.1428571429 3)
(0.1428571429 0.1428571429 3.125)
(0.1428571429 0.1428571429 3.25)
(0.1428571429 0.1428571429 3.375)
(0.1428571429 0.1428571429 3.5)
(0.1428571429 0.1428571429 3.625)
(0.1428571429 0.1428571429 3.75)
(0.1428571429 0.1428571429 3.875)
(0.1428571429 0.1428571429 4)
(0.1428571429 0.1428571429 4.125)
(0.1428571429 0.1428571429 4.25)
(0.1428571429 0.1428571429 4.375)
(0.1428571429 0.1428571429 4.5)
(0.1428571429 0.1428571429 4.625)
(0.1428571429 0.1428571429 4.75)
(0.1428571429 0.1428571429 4.875)
(0.1428571429 0.1428571429 5)
(0.1428571429 0.1428571429 5.125)
(0.1428571429 0.1428571429 5.25)
(0.1428571429 0.1428571429 5.375)
(0.1428571429 0.1428571429 5.5)
(0.1428571429 0.1428571429 5.625)
(0.1428571429 0.1428571429 5.75)
(0.1428571429 0.1428571429 5.875)
(0.2857142857 0.1428571429 0.125)
(0.2857142857 0.1428571429 0.25)
(0.2857142857 0.1428571429 0.375)
(0.2857142857 0.1428571429 0.5)
(0.2857142857 0.1428571429 0.625)
(0.2857142857 0.1428571429 0.75)
(0.2857142857 0.1428571429 0.875)
(0.2857142857 0.1428571429 1)
(0.2857142857 0.1428571429 1.125)
(0.2857142857 0.1428571429 1.25)
(0.2857142857 0.1428571429 1.375)
(0.2857142857 0.1428571429 1.5)
(0.2857142857 0.1428571429 1.625)
(0.2857142857 0.1428571429 1.75)
(0.2857142857 0.1428571429 1.875)
(0.2857142857 0.1428571429 2)
(0.2857142857 0.1428571429 2.125)
(0.2857142857 0.1428571429 2.25)
(0.2857142857 0.1428571429 2.375)
(0.2857142857 0.1428571429 2.5)
(0.2857142857 0.1428571429 2.625)
(0.2857142857 0.1428571429 2.75)
(0.2857142857 0.1428571429 2.875)
(0.2857142857 0.1428571429 3)
(0.2857142857 0.1428571429 3.125)
(0.2857142857 0.1428571429 3.25)
(0.2857142857 0.1428571429 3.375)
(0.2857142857 0.1428571429 3.5)
(0.2857142857 0.1428571429 3.625)
(0.2857142857 0.1428571429 3.75)
(0.2857142857 0.1428571429 3.875)
(0.2857142857 0.1428571429 4)
(0.2857142857 0.1428571429 4.125)
(0.2857142857 0.1428571429 4.25)
(0.2857142857 0.1428571429 4.375)
(0.2857142857 0.1428571429 4.5)
(0.2857142857 0.1428571429 4.625)
(0.2857142857 0.1428571429 4.75)
(0.2857142857 0.1428571429 4.875)
(0.2857142857 0.1428571429 5)
(0.2857142857 0.1428571429 5.125)
(0.2857142857 0.1428571429 5.25)
(0.2857142857 0.1428571429 5.375)
(0.2857142857 0.1428571429 5.5)
(0.2857142857 0.1428571429 5.625)
(0.2857142857 0.1428571429 5.75)
(0.2857142857 0.1428571429 5.875)
(0.4285714286 0.1428571429 0.125)
(0.4285714286 0.1428571429 0.25)
(0.4285714286 0.1428571429 0.375)
(0.4285714286 0.1428571429 0.5)
(0.4285714286 0.1428571429 0.625)
(0.4285714286 0.1428571429 0.75)
(0.4285714286 0.1428571429 0.875)
(0.4285714286 0.1428571429 1)
(0.4285714286 0.1428571429 1.125)
(0.4285714286 0.1428571429 1.25)
(0.4285714286 0.1428571429 1.375)
(0.4285714286 0.1428571429 1.5)
(0.4285714286 0.1428571429 1.625)
(0.4285714286 0.1428571429 1.75)
(0.4285714286 0.1428571429 1.875)
(0.4285714286 0.1428571429 2)
(0.4285714286 0.1428571429 2.125)
(0.4285714286 0.1428571429 2.25)
(0.4285714286 0.1428571429 2.375)
(0.4285714286 0.1428571429 2.5)
(0.4285714286 0.1428571429 2.625)
(0.4285714286 0.1428571429 2.75)
(0.4285714286 0.1428571429 2.875)
(0.4285714286 0.1428571429 3)
(0.4285714286 0.1428571429 3.125)
(0.4285714286 0.1428571429 3.25)
(0.4285714286 0.1428571429 3.375)
(0.4285714286 0.1428571429 3.5)
(0.4285714286 0.1428571429 3.625)
(0.4285714286 0.1428571429 3.75)
(0.4285714286 0.1428571429 3.875)
(0.4285714286 0.1428571429 4)
(0.4285714286 0.1428571429 4.125)
(0.4285714286 0.1428571429 4.25)
(0.4285714286 0.1428571429 4.375)
(0.4285714286 0.1428571429 4.5)
(0.4285714286 0.1428571429 4.625)
(0.4285714286 0.1428571429 4.75)
(0.4285714286 0.1428571429 4.875)
(0.4285714286 0.1428571429 5)
(0.4285714286 0.1428571429 5.125)
(0.4285714286 0.1428571429 5.25)
(0.4285714286 0.1428571429 5.375)
(0.4285714286 0.1428571429 5.5)
(0.4285714286 0.1428571429 5.625)
(0.4285714286 0.1428571429 5.75)
(0.4285714286 0.1428571429 5.875)
(0.5714285714 0.1428571429 0.125)
(0.5714285714 0.1428571429 0.25)
(0.5714285714 0.1428571429 0.375)
(0.5714285714 0.1428571429 0.5)
(0.5714285714 0.1428571429 0.625)
(0.5714285714 0.1428571429 0.75)
(0.5714285714 0.1428571429 0.875)
(0.5714285714 0.1428571429 1)
(0.5714285714 0.1428571429 1.125)
(0.5714285714 0.1428571429 1.25)
(0.5714285714 0.1428571429 1.375)
(0.5714285714 0.1428571429 1.5)
(0.5714285714 0.1428571429 1.625)
(0.5714285714 0.1428571429 1.75)
(0.5714285714 0.1428571429 1.875)
(0.5714285714 0.1428571429 2)
(0.5714285714 0.1428571429 2.125)
(0.5714285714 0.1428571429 2.25)
(0.5714285714 0.1428571429 2.375)
(0.5714285714 0.1428571429 2.5)
(0.5714285714 0.1428571429 2.625)
(0.5714285714 0.1428571429 2.75)
(0.5714285714 0.1428571429 2.875)
(0.5714285714 0.1428571429 3)
(0.5714285714 0.1428571429 3.125)
(0.5714285714 0.1428571429 3.25)
(0.5714285714 0.1428571429 3.375)
(0.5714285714 0.1428571429 3.5)
(0.5714285714 0.1428571429 3.625)
(0.5714285714 0.1428571429 3.75)
(0.5714285714 0.1428571429 3.875)
(0.5714285714 0.1428571429 4)
(0.5714285714 0.1428571429 4.125)
(0.5714285714 0.1428571429 4.25)
(0.5714285714 0.1428571429 4.375)
(0.5714285714 0.1428571429 4.5)
(0.5714285714 0.1428571429 4.625)
(0.5714285714 0.1428571429 4.75)
(0.5714285714 0.1428571429 4.875)
(0.5714285714 0.1428571429 5)
(0.5714285714 0.1428571429 5.125)
(0.5714285714 0.1428571429 5.25)
(0.5714285714 0.1428571429 5.375)
(0.5714285714 0.1428571429 5.5)
(0.5714285714 0.1428571429 5.625)
(0.5714285714 0.1428571429 5.75)
(0.5714285714 0.1428571429 5.875)
(0.7142857143 0.1428571429 0.125)
(0.7142857143 0.1428571429 0.25)
(0.7142857143 0.1428571429 0.375)
(0.7142857143 0.1428571429 0.5)
(0.7142857143 0.1428571429 0.625)
(0.7142857143 0.1428571429 0.75)
(0.7142857143 0.1428571429 0.875)
(0.7142857143 0.1428571429 1)
(0.7142857143 0.1428571429 1.125)
(0.7142857143 0.1428571429 1.25)
(0.7142857143 0.1428571429 1.375)
(0.7142857143 0.1428571429 1.5)
(0.7142857143 0.1428571429 1.625)
(0.7142857143 0.1428571429 1.75)
(0.7142857143 0.1428571429 1.875)
(0.7142857143 0.1428571429 2)
(0.7142857143 0.1428571429 2.125)
(0.7142857143 0.1428571429 2.25)
(0.7142857143 0.1428571429 2.375)
(0.7142857143 0.1428571429 2.5)
(0.7142857143 0.1428571429 2.625)
(0.7142857143 0.1428571429 2.75)
(0.7142857143 0.1428571429 2.875)
(0.7142857143 0.1428571429 3)
(0.7142857143 0.1428571429 3.125)
(0.7142857143 0.1428571429 3.25)
(0.7142857143 0.1428571429 3.375)
(0.7142857143 0.1428571429 3.5)
(0.7142857143 0.1428571429 3.625)
(0.7142857143 0.1428571429 3.75)
(0.7142857143 0.1428571429 3.875)
(0.7142857143 0.1428571429 4)
(0.7142857143 0.1428571429 4.125)
(0.7142857143 0.1428571429 4.25)
(0.7142857143 0.1428571429 4.375)
(0.7142857143 0.1428571429 4.5)
(0.7142857143 0.1428571429 4.625)
(0.7142857143 0.1428571429 4.75)
(0.7142857143 0.1428571429 4.875)
(0.7142857143 0.1428571429 5)
(0.7142857143 0.1428571429 5.125)
(0.7142857143 0.1428571429 5.25)
(0.7142857143 0.1428571429 5.375)
(0.7142857143 0.1428571429 5.5)
(0.7142857143 0.1428571429 5.625)
(0.7142857143 0.1428571429 5.75)
(0.7142857143 0.1428571429 5.875)
(0.8571428571 0.1428571429 0.125)
(0.8571428571 0.1428571429 0.25)
(0.8571428571 0.1428571429 0.375)
(0.8571428571 0.1428571429 0.5)
(0.8571428571 0.1428571429 0.625)
(0.8571428571 0.1428571429 0.75)
(0.8571428571 0.1428571429 0.875)
(0.8571428571 0.1428571429 1)
(0.8571428571 0.1428571429 1.125)
(0.8571428571 0.1428571429 1.25)
(0.8571428571 0.1428571429 1.375)
(0.8571428571 0.1428571429 1.5)
(0.8571428571 0.1428571429 1.625)
(0.8571428571 0.1428571429 1.75)
(0.8571428571 0.1428571429 1.875)
(0.8571428571 0.1428571429 2)
(0.8571428571 0.1428571429 2.125)
(0.8571428571 0.1428571429 2.25)
(0.8571428571 0.1428571429 2.375)
(0.8571428571 0.1428571429 2.5)
(0.8571428571 0.1428571429 2.625)
(0.8571428571 0.1428571429 2.75)
(0.8571428571 0.1428571429 2.875)
(0.8571428571 0.1428571429 3)
(0.8571428571 0.1428571429 3.125)
(0.8571428571 0.1428571429 3.25)
(0.8571428571 0.1428571429 3.375)
(0.8571428571 0.1428571429 3.5)
(0.8571428571 0.1428571429 3.625)
(0.8571428571 0.1428571429 3.75)
(0.8571428571 0.1428571429 3.875)
(0.8571428571 0.1428571429 4)
(0.8571428571 0.1428571429 4.125)
(0.8571428571 0.1428571429 4.25)
(0.8571428571 0.1428571429 4.375)
(0.8571428571 0.1428571429 4.5)
(0.8571428571 0.1428571429 4.625)
(0.8571428571 0.1428571429 4.75)
(0.8571428571 0.1428571429 4.875)
(0.8571428571 0.1428571429 5)
(0.8571428571 0.1428571429 5.125)
(0.8571428571 0.1428571429 5.25)
(0.8571428571 0.1428571429 5.375)
(0.8571428571 0.1428571429 5.5)
(0.8571428571 0.1428571429 5.625)
(0.8571428571 0.1428571429 5.75)
(0.8571428571 0.1428571429 5.875)
(0.1428571429 0.2857142857 0.125)
(0.1428571429 0.2857142857 0.25)
(0.1428571429 0.2857142857 0.375)
(0.1428571429 0.2857142857 0.5)
(0.1428571429 0.2857142857 0.625)
(0.1428571429 0.2857142857 0.75)
(0.1428571429 0.2857142857 0.875)
(0.1428571429 0.2857142857 1)
(0.1428571429 0.2857142857 1.125)
(0.1428571429 0.2857142857 1.25)
(0.1428571429 0.2857142857 1.375)
(0.1428571429 0.2857142857 1.5)
(0.1428571429 0.2857142857 1.625)
(0.1428571429 0.2857142857 1.75)
(0.1428571429 0.2857142857 1.875)
(0.1428571429 0.2857142857 2)
(0.1428571429 0.2857142857 2.125)
(0.1428571429 0.2857142857 2.25)
(0.1428571429 0.2857142857 2.375)
(0.1428571429 0.2857142857 2.5)
(0.1428571429 0.2857142857 2.625)
(0.1428571429 0.2857142857 2.75)
(0.1428571429 0.2857142857 2.875)
(0.1428571429 0.2857142857 3)
(0.1428571429 0.2857142857 3.125)
(0.1428571429 0.2857142857 3.25)
(0.1428571429 0.2857142857 3.375)
(0.1428571429 0.2857142857 3.5)
(0.1428571429 0.2857142857 3.625)
(0.1428571429 0.2857142857 3.75)
(0.1428571429 0.2857142857 3.875)
(0.1428571429 0.2857142857 4)
(0.1428571429 0.2857142857 4.125)
(0.1428571429 0.2857142857 4.25)
(0.1428571429 0.2857142857 4.375)
(0.1428571429 0.2857142857 4.5)
(0.1428571429 0.2857142857 4.625)
(0.1428571429 0.2857142857 4.75)
(0.1428571429 0.2857142857 4.875)
(0.1428571429 0.2857142857 5)
(0.1428571429 0.2857142857 5.125)
(0.1428571429 0.2857142857 5.25)
(0.1428571429 0.2857142857 5.375)
(0.1428571429 0.2857142857 5.5)
(0.1428571429 0.2857142857 5.625)
(0.1428571429 0.2857142857 5.75)
(0.1428571429 0.2857142857 5.875)
(0.2857142857 0.2857142857 0.125)
(0.2857142857 0.2857142857 0.25)
(0.2857142857 0.2857142857 0.375)
(0.2857142857 0.2857142857 0.5)
(0.2857142857 0.2857142857 0.625)
(0.2857142857 0.2857142857 0.75)
(0.2857142857 0.2857142857 0.875)
(0.2857142857 0.2857142857 1)
(0.2857142857 0.2857142857 1.125)
(0.2857142857 0.2857142857 1.25)
(0.2857142857 0.2857142857 1.375)
(0.2857142857 0.2857142857 1.5)
(0.2857142857 0.2857142857 1.625)
(0.2857142857 0.2857142857 1.75)
(0.2857142857 0.2857142857 1.875)
(0.2857142857 0.2857142857 2)
(0.2857142857 0.2857142857 2.125)
(0.2857142857 0.2857142857 2.25)
(0.2857142857 0.2857142857 2.375)
(0.2857142857 0.2857142857 2.5)
(0.2857142857 0.2857142857 2.625)
(0.2857142857 0.2857142857 2.75)
(0.2857142857 0.2857142857 2.875)
(0.2857142857 0.2857142857 3)
(0.2857142857 0.2857142857 3.125)
(0.2857142857 0.2857142857 3.25)
(0.2857142857 0.2857142857 3.375)
(0.2857142857 0.2857142857 3.5)
(0.2857142857 0.2857142857 3.625)
(0.2857142857 0.2857142857 3.75)
(0.2857142857 0.2857142857 3.875)
(0.2857142857 0.2857142857 4)
(0.2857142857 0.2857142857 4.125)
(0.2857142857 0.2857142857 4.25)
(0.2857142857 0.2857142857 4.375)
(0.2857142857 0.2857142857 4.5)
(0.2857142857 0.2857142857 4.625)
(0.2857142857 0.2857142857 4.75)
(0.2857142857 0.2857142857 4.875)
(0.2857142857 0.2857142857 5)
(0.2857142857 0.2857142857 5.125)
(0.2857142857 0.2857142857 5.25)
(0.2857142857 0.2857142857 5.375)
(0.2857142857 0.2857142857 5.5)
(0.2857142857 0.2857142857 5.625)
(0.2857142857 0.2857142857 5.75)
(0.2857142857 0.2857142857 5.875)
(0.4285714286 0.2857142857 0.125)
(0.4285714286 0.2857142857 0.25)
(0.4285714286 0.2857142857 0.375)
(0.4285714286 0.2857142857 0.5)
(0.4285714286 0.2857142857 0.625)
(0.4285714286 0.2857142857 0.75)
(0.4285714286 0.2857142857 0.875)
(0.4285714286 0.2857142857 1)
(0.4285714286 0.2857142857 1.125)
(0.4285714286 0.2857142857 1.25)
(0.4285714286 0.2857142857 1.375)
(0.4285714286 0.2857142857 1.5)
(0.4285714286 0.2857142857 1.625)
(0.4285714286 0.2857142857 1.75)
(0.4285714286 0.2857142857 1.875)
(0.4285714286 0.2857142857 2)
(0.4285714286 0.2857142857 2.125)
(0.4285714286 0.2857142857 2.25)
(0.4285714286 0.2857142857 2.375)
(0.4285714286 0.2857142857 2.5)
(0.4285714286 0.2857142857 2.625)
(0.4285714286 0.2857142857 2.75)
(0.4285714286 0.2857142857 2.875)
(0.4285714286 0.2857142857 3)
(0.4285714286 0.2857142857 3.125)
(0.4285714286 0.2857142857 3.25)
(0.4285714286 0.2857142857 3.375)
(0.4285714286 0.2857142857 3.5)
(0.4285714286 0.2857142857 3.625)
(0.4285714286 0.2857142857 3.75)
(0.4285714286 0.2857142857 3.875)
(0.4285714286 0.2857142857 4)
(0.4285714286 0.2857142857 4.125)
(0.4285714286 0.2857142857 4.25)
(0.4285714286 0.2857142857 4.375)
(0.4285714286 0.2857142857 4.5)
(0.4285714286 0.2857142857 4.625)
(0.4285714286 0.2857142857 4.75)
(0.4285714286 0.2857142857 4.875)
(0.4285714286 0.2857142857 5)
(0.4285714286 0.2857142857 5.125)
(0.4285714286 0.2857142857 5.25)
(0.4285714286 0.2857142857 5.375)
(0.4285714286 0.2857142857 5.5)
(0.4285714286 0.2857142857 5.625)
(0.4285714286 0.2857142857 5.75)
(0.4285714286 0.2857142857 5.875)
(0.5714285714 0.2857142857 0.125)
(0.5714285714 0.2857142857 0.25)
(0.5714285714 0.2857142857 0.375)
(0.5714285714 0.2857142857 0.5)
(0.5714285714 0.2857142857 0.625)
(0.5714285714 0.2857142857 0.75)
(0.5714285714 0.2857142857 0.875)
(0.5714285714 0.2857142857 1)
(0.5714285714 0.2857142857 1.125)
(0.5714285714 0.2857142857 1.25)
(0.5714285714 0.2857142857 1.375)
(0.5714285714 0.2857142857 1.5)
(0.5714285714 0.2857142857 1.625)
(0.5714285714 0.2857142857 1.75)
(0.5714285714 0.2857142857 1.875)
(0.5714285714 0.2857142857 2)
(0.5714285714 0.2857142857 2.125)
(0.5714285714 0.2857142857 2.25)
(0.5714285714 0.2857142857 2.375)
(0.5714285714 0.2857142857 2.5)
(0.5714285714 0.2857142857 2.625)
(0.5714285714 0.2857142857 2.75)
(0.5714285714 0.2857142857 2.875)
(0.5714285714 0.2857142857 3)
(0.5714285714 0.2857142857 3.125)
(0.5714285714 0.2857142857 3.25)
(0.5714285714 0.2857142857 3.375)
(0.5714285714 0.2857142857 3.5)
(0.5714285714 0.2857142857 3.625)
(0.5714285714 0.2857142857 3.75)
(0.5714285714 0.2857142857 3.875)
(0.5714285714 0.2857142857 4)
(0.5714285714 0.2857142857 4.125)
(0.5714285714 0.2857142857 4.25)
(0.5714285714 0.2857142857 4.375)
(0.5714285714 0.2857142857 4.5)
(0.5714285714 0.2857142857 4.625)
(0.5714285714 0.2857142857 4.75)
(0.5714285714 0.2857142857 4.875)
(0.5714285714 0.2857142857 5)
(0.5714285714 0.2857142857 5.125)
(0.5714285714 0.2857142857 5.25)
(0.5714285714 0.2857142857 5.375)
(0.5714285714 0.2857142857 5.5)
(0.5714285714 0.2857142857 5.625)
(0.5714285714 0.2857142857 5.75)
(0.5714285714 0.2857142857 5.875)
(0.7142857143 0.2857142857 0.125)
(0.7142857143 0.2857142857 0.25)
(0.7142857143 0.2857142857 0.375)
(0.7142857143 0.2857142857 0.5)
(0.7142857143 0.2857142857 0.625)
(0.7142857143 0.2857142857 0.75)
(0.7142857143 0.2857142857 0.875)
(0.7142857143 0.2857142857 1)
(0.7142857143 0.2857142857 1.125)
(0.7142857143 0.2857142857 1.25)
(0.7142857143 0.2857142857 1.375)
(0.7142857143 0.2857142857 1.5)
(0.7142857143 0.2857142857 1.625)
(0.7142857143 0.2857142857 1.75)
(0.7142857143 0.2857142857 1.875)
(0.7142857143 0.2857142857 2)
(0.7142857143 0.2857142857 2.125)
(0.7142857143 0.2857142857 2.25)
(0.7142857143 0.2857142857 2.375)
(0.7142857143 0.2857142857 2.5)
(0.7142857143 0.2857142857 2.625)
(0.7142857143 0.2857142857 2.75)
(0.7142857143 0.2857142857 2.875)
(0.7142857143 0.2857142857 3)
(0.7142857143 0.2857142857 3.125)
(0.7142857143 0.2857142857 3.25)
(0.7142857143 0.2857142857 3.375)
(0.7142857143 0.2857142857 3.5)
(0.7142857143 0.2857142857 3.625)
(0.7142857143 0.2857142857 3.75)
(0.7142857143 0.2857142857 3.875)
(0.7142857143 0.2857142857 4)
(0.7142857143 0.2857142857 4.125)
(0.7142857143 0.2857142857 4.25)
(0.7142857143 0.2857142857 4.375)
(0.7142857143 0.2857142857 4.5)
(0.7142857143 0.2857142857 4.625)
(0.7142857143 0.2857142857 4.75)
(0.7142857143 0.2857142857 4.875)
(0.7142857143 0.2857142857 5)
(0.7142857143 0.2857142857 5.125)
(0.7142857143 0.2857142857 5.25)
(0.7142857143 0.2857142857 5.375)
(0.7142857143 0.2857142857 5.5)
(0.7142857143 0.2857142857 5.625)
(0.7142857143 0.2857142857 5.75)
(0.7142857143 0.2857142857 5.875)
(0.8571428571 0.2857142857 0.125)
(0.8571428571 0.2857142857 0.25)
(0.8571428571 0.2857142857 0.375)
(0.8571428571 0.2857142857 0.5)
(0.8571428571 0.2857142857 0.625)
(0.8571428571 0.2857142857 0.75)
(0.8571428571 0.2857142857 0.875)
(0.8571428571 0.2857142857 1)
(0.8571428571 0.2857142857 1.125)
(0.8571428571 0.2857142857 1.25)
(0.8571428571 0.2857142857 1.375)
(0.8571428571 0.2857142857 1.5)
(0.8571428571 0.2857142857 1.625)
(0.8571428571 0.2857142857 1.75)
(0.8571428571 0.2857142857 1.875)
(0.8571428571 0.2857142857 2)
(0.8571428571 0.2857142857 2.125)
(0.8571428571 0.2857142857 2.25)
(0.8571428571 0.2857142857 2.375)
(0.8571428571 0.2857142857 2.5)
(0.8571428571 0.2857142857 2.625)
(0.8571428571 0.2857142857 2.75)
(0.8571428571 0.2857142857 2.875)
(0.8571428571 0.2857142857 3)
(0.8571428571 0.2857142857 3.125)
(0.8571428571 0.2857142857 3.25)
(0.8571428571 0.2857142857 3.375)
(0.8571428571 0.2857142857 3.5)
(0.8571428571 0.2857142857 3.625)
(0.8571428571 0.2857142857 3.75)
(0.8571428571 0.2857142857 3.875)
(0.8571428571 0.2857142857 4)
(0.8571428571 0.2857142857 4.125)
(0.8571428571 0.2857142857 4.25)
(0.8571428571 0.2857142857 4.375)
(0.8571428571 0.2857142857 4.5)
(0.8571428571 0.2857142857 4.625)
(0.8571428571 0.2857142857 4.75)
(0.8571428571 0.2857142857 4.875)
(0.8571428571 0.2857142857 5)
(0.8571428571 0.2857142857 5.125)
(0.8571428571 0.2857142857 5.25)
(0.8571428571 0.2857142857 5.375)
(0.8571428571 0.2857142857 5.5)
(0.8571428571 0.2857142857 5.625)
(0.8571428571 0.2857142857 5.75)
(0.8571428571 0.2857142857 5.875)
(0.1428571429 0.4285714286 0.125)
(0.1428571429 0.4285714286 0.25)
(0.1428571429 0.4285714286 0.375)
(0.1428571429 0.4285714286 0.5)
(0.1428571429 0.4285714286 0.625)
(0.1428571429 0.4285714286 0.75)
(0.1428571429 0.4285714286 0.875)
(0.1428571429 0.4285714286 1)
(0.1428571429 0.4285714286 1.125)
(0.1428571429 0.4285714286 1.25)
(0.1428571429 0.4285714286 1.375)
(0.1428571429 0.4285714286 1.5)
(0.1428571429 0.4285714286 1.625)
(0.1428571429 0.4285714286 1.75)
(0.1428571429 0.4285714286 1.875)
(0.1428571429 0.4285714286 2)
(0.1428571429 0.4285714286 2.125)
(0.1428571429 0.4285714286 2.25)
(0.1428571429 0.4285714286 2.375)
(0.1428571429 0.4285714286 2.5)
(0.1428571429 0.4285714286 2.625)
(0.1428571429 0.4285714286 2.75)
(0.1428571429 0.4285714286 2.875)
(0.1428571429 0.4285714286 3)
(0.1428571429 0.4285714286 3.125)
(0.1428571429 0.4285714286 3.25)
(0.1428571429 0.4285714286 3.375)
(0.1428571429 0.4285714286 3.5)
(0.1428571429 0.4285714286 3.625)
(0.1428571429 0.4285714286 3.75)
(0.1428571429 0.4285714286 3.875)
(0.1428571429 0.4285714286 4)
(0.1428571429 0.4285714286 4.125)
(0.1428571429 0.4285714286 4.25)
(0.1428571429 0.4285714286 4.375)
(0.1428571429 0.4285714286 4.5)
(0.1428571429 0.4285714286 4.625)
(0.1428571429 0.4285714286 4.75)
(0.1428571429 0.4285714286 4.875)
(0.1428571429 0.4285714286 5)
(0.1428571429 0.4285714286 5.125)
(0.1428571429 0.4285714286 5.25)
(0.1428571429 0.4285714286 5.375)
(0.1428571429 0.4285714286 5.5)
(0.1428571429 0.4285714286 5.625)
(0.1428571429 0.4285714286 5.75)
(0.1428571429 0.4285714286 5.875)
(0.2857142857 0.4285714286 0.125)
(0.2857142857 0.4285714286 0.25)
(0.2857142857 0.4285714286 0.375)
(0.2857142857 0.4285714286 0.5)
(0.2857142857 0.4285714286 0.625)
(0.2857142857 0.4285714286 0.75)
(0.2857142857 0.4285714286 0.875)
(0.2857142857 0.4285714286 1)
(0.2857142857 0.4285714286 1.125)
(0.2857142857 0.4285714286 1.25)
(0.2857142857 0.4285714286 1.375)
(0.2857142857 0.4285714286 1.5)
(0.2857142857 0.4285714286 1.625)
(0.2857142857 0.4285714286 1.75)
(0.2857142857 0.4285714286 1.875)
(0.2857142857 0.4285714286 2)
(0.2857142857 0.4285714286 2.125)
(0.2857142857 0.4285714286 2.25)
(0.2857142857 0.4285714286 2.375)
(0.2857142857 0.4285714286 2.5)
(0.2857142857 0.4285714286 2.625)
(0.2857142857 0.4285714286 2.75)
(0.2857142857 0.4285714286 2.875)
(0.2857142857 0.4285714286 3)
(0.2857142857 0.4285714286 3.125)
(0.2857142857 0.4285714286 3.25)
(0.2857142857 0.4285714286 3.375)
(0.2857142857 0.4285714286 3.5)
(0.2857142857 0.4285714286 3.625)
(0.2857142857 0.4285714286 3.75)
(0.2857142857 0.4285714286 3.875)
(0.2857142857 0.4285714286 4)
(0.2857142857 0.4285714286 4.125)
(0.2857142857 0.4285714286 4.25)
(0.2857142857 0.4285714286 4.375)
(0.2857142857 0.4285714286 4.5)
(0.2857142857 0.4285714286 4.625)
(0.2857142857 0.4285714286 4.75)
(0.2857142857 0.4285714286 4.875)
(0.2857142857 0.4285714286 5)
(0.2857142857 0.4285714286 5.125)
(0.2857142857 0.4285714286 5.25)
(0.2857142857 0.4285714286 5.375)
(0.2857142857 0.4285714286 5.5)
(0.2857142857 0.4285714286 5.625)
(0.2857142857 0.4285714286 5.75)
(0.2857142857 0.4285714286 5.875)
(0.4285714286 0.4285714286 0.125)
(0.4285714286 0.4285714286 0.25)
(0.4285714286 0.4285714286 0.375)
(0.4285714286 0.4285714286 0.5)
(0.4285714286 0.4285714286 0.625)
(0.4285714286 0.4285714286 0.75)
(0.4285714286 0.4285714286 0.875)
(0.4285714286 0.4285714286 1)
(0.4285714286 0.4285714286 1.125)
(0.4285714286 0.4285714286 1.25)
(0.4285714286 0.4285714286 1.375)
(0.4285714286 0.4285714286 1.5)
(0.4285714286 0.4285714286 1.625)
(0.4285714286 0.4285714286 1.75)
(0.4285714286 0.4285714286 1.875)
(0.4285714286 0.4285714286 2)
(0.4285714286 0.4285714286 2.125)
(0.4285714286 0.4285714286 2.25)
(0.4285714286 0.4285714286 2.375)
(0.4285714286 0.4285714286 2.5)
(0.4285714286 0.4285714286 2.625)
(0.4285714286 0.4285714286 2.75)
(0.4285714286 0.4285714286 2.875)
(0.4285714286 0.4285714286 3)
(0.4285714286 0.4285714286 3.125)
(0.4285714286 0.4285714286 3.25)
(0.4285714286 0.4285714286 3.375)
(0.4285714286 0.4285714286 3.5)
(0.4285714286 0.4285714286 3.625)
(0.4285714286 0.4285714286 3.75)
(0.4285714286 0.4285714286 3.875)
(0.4285714286 0.4285714286 4)
(0.4285714286 0.4285714286 4.125)
(0.4285714286 0.4285714286 4.25)
(0.4285714286 0.4285714286 4.375)
(0.4285714286 0.4285714286 4.5)
(0.4285714286 0.4285714286 4.625)
(0.4285714286 0.4285714286 4.75)
(0.4285714286 0.4285714286 4.875)
(0.4285714286 0.4285714286 5)
(0.4285714286 0.4285714286 5.125)
(0.4285714286 0.4285714286 5.25)
(0.4285714286 0.4285714286 5.375)
(0.4285714286 0.4285714286 5.5)
(0.4285714286 0.4285714286 5.625)
(0.4285714286 0.4285714286 5.75)
(0.4285714286 0.4285714286 5.875)
(0.5714285714 0.4285714286 0.125)
(0.5714285714 0.4285714286 0.25)
(0.5714285714 0.4285714286 0.375)
(0.5714285714 0.4285714286 0.5)
(0.5714285714 0.4285714286 0.625)
(0.5714285714 0.4285714286 0.75)
(0.5714285714 0.4285714286 0.875)
(0.5714285714 0.4285714286 1)
(0.5714285714 0.4285714286 1.125)
(0.5714285714 0.4285714286 1.25)
(0.5714285714 0.4285714286 1.375)
(0.5714285714 0.4285714286 1.5)
(0.5714285714 0.4285714286 1.625)
(0.5714285714 0.4285714286 1.75)
(0.5714285714 0.4285714286 1.875)
(0.5714285714 0.4285714286 2)
(0.5714285714 0.4285714286 2.125)
(0.5714285714 0.4285714286 2.25)
(0.5714285714 0.4285714286 2.375)
(0.5714285714 0.4285714286 2.5)
(0.5714285714 0.4285714286 2.625)
(0.5714285714 0.4285714286 2.75)
(0.5714285714 0.4285714286 2.875)
(0.5714285714 0.4285714286 3)
(0.5714285714 0.4285714286 3.125)
(0.5714285714 0.4285714286 3.25)
(0.5714285714 0.4285714286 3.375)
(0.5714285714 0.4285714286 3.5)
(0.5714285714 0.4285714286 3.625)
(0.5714285714 0.4285714286 3.75)
(0.5714285714 0.4285714286 3.875)
(0.5714285714 0.4285714286 4)
(0.5714285714 0.4285714286 4.125)
(0.5714285714 0.4285714286 4.25)
(0.5714285714 0.4285714286 4.375)
(0.5714285714 0.4285714286 4.5)
(0.5714285714 0.4285714286 4.625)
(0.5714285714 0.4285714286 4.75)
(0.5714285714 0.4285714286 4.875)
(0.5714285714 0.4285714286 5)
(0.5714285714 0.4285714286 5.125)
(0.5714285714 0.4285714286 5.25)
(0.5714285714 0.4285714286 5.375)
(0.5714285714 0.4285714286 5.5)
(0.5714285714 0.4285714286 5.625)
(0.5714285714 0.4285714286 5.75)
(0.5714285714 0.4285714286 5.875)
(0.7142857143 0.4285714286 0.125)
(0.7142857143 0.4285714286 0.25)
(0.7142857143 0.4285714286 0.375)
(0.7142857143 0.4285714286 0.5)
(0.7142857143 0.4285714286 0.625)
(0.7142857143 0.4285714286 0.75)
(0.7142857143 0.4285714286 0.875)
(0.7142857143 0.4285714286 1)
(0.7142857143 0.4285714286 1.125)
(0.7142857143 0.4285714286 1.25)
(0.7142857143 0.4285714286 1.375)
(0.7142857143 0.4285714286 1.5)
(0.7142857143 0.4285714286 1.625)
(0.7142857143 0.4285714286 1.75)
(0.7142857143 0.4285714286 1.875)
(0.7142857143 0.4285714286 2)
(0.7142857143 0.4285714286 2.125)
(0.7142857143 0.4285714286 2.25)
(0.7142857143 0.4285714286 2.375)
(0.7142857143 0.4285714286 2.5)
(0.7142857143 0.4285714286 2.625)
(0.7142857143 0.4285714286 2.75)
(0.7142857143 0.4285714286 2.875)
(0.7142857143 0.4285714286 3)
(0.7142857143 0.4285714286 3.125)
(0.7142857143 0.4285714286 3.25)
(0.7142857143 0.4285714286 3.375)
(0.7142857143 0.4285714286 3.5)
(0.7142857143 0.4285714286 3.625)
(0.7142857143 0.4285714286 3.75)
(0.7142857143 0.4285714286 3.875)
(0.7142857143 0.4285714286 4)
(0.7142857143 0.4285714286 4.125)
(0.7142857143 0.4285714286 4.25)
(0.7142857143 0.4285714286 4.375)
(0.7142857143 0.4285714286 4.5)
(0.7142857143 0.4285714286 4.625)
(0.7142857143 0.4285714286 4.75)
(0.7142857143 0.4285714286 4.875)
(0.7142857143 0.4285714286 5)
(0.7142857143 0.4285714286 5.125)
(0.7142857143 0.4285714286 5.25)
(0.7142857143 0.4285714286 5.375)
(0.7142857143 0.4285714286 5.5)
(0.7142857143 0.4285714286 5.625)
(0.7142857143 0.4285714286 5.75)
(0.7142857143 0.4285714286 5.875)
(0.8571428571 0.4285714286 0.125)
(0.8571428571 0.4285714286 0.25)
(0.8571428571 0.4285714286 0.375)
(0.8571428571 0.4285714286 0.5)
(0.8571428571 0.4285714286 0.625)
(0.8571428571 0.4285714286 0.75)
(0.8571428571 0.4285714286 0.875)
(0.8571428571 0.4285714286 1)
(0.8571428571 0.4285714286 1.125)
(0.8571428571 0.4285714286 1.25)
(0.8571428571 0.4285714286 1.375)
(0.8571428571 0.4285714286 1.5)
(0.8571428571 0.4285714286 1.625)
(0.8571428571 0.4285714286 1.75)
(0.8571428571 0.4285714286 1.875)
(0.8571428571 0.4285714286 2)
(0.8571428571 0.4285714286 2.125)
(0.8571428571 0.4285714286 2.25)
(0.8571428571 0.4285714286 2.375)
(0.8571428571 0.4285714286 2.5)
(0.8571428571 0.4285714286 2.625)
(0.8571428571 0.4285714286 2.75)
(0.8571428571 0.4285714286 2.875)
(0.8571428571 0.4285714286 3)
(0.8571428571 0.4285714286 3.125)
(0.8571428571 0.4285714286 3.25)
(0.8571428571 0.4285714286 3.375)
(0.8571428571 0.4285714286 3.5)
(0.8571428571 0.4285714286 3.625)
(0.8571428571 0.4285714286 3.75)
(0.8571428571 0.4285714286 3.875)
(0.8571428571 0.4285714286 4)
(0.8571428571 0.4285714286 4.125)
(0.8571428571 0.4285714286 4.25)
(0.8571428571 0.4285714286 4.375)
(0.8571428571 0.4285714286 4.5)
(0.8571428571 0.4285714286 4.625)
(0.8571428571 0.4285714286 4.75)
(0.8571428571 0.4285714286 4.875)
(0.8571428571 0.4285714286 5)
(0.8571428571 0.4285714286 5.125)
(0.8571428571 0.4285714286 5.25)
(0.8571428571 0.4285714286 5.375)
(0.8571428571 0.4285714286 5.5)
(0.8571428571 0.4285714286 5.625)
(0.8571428571 0.4285714286 5.75)
(0.8571428571 0.4285714286 5.875)
(0.1428571429 0.5714285714 0.125)
(0.1428571429 0.5714285714 0.25)
(0.1428571429 0.5714285714 0.375)
(0.1428571429 0.5714285714 0.5)
(0.1428571429 0.5714285714 0.625)
(0.1428571429 0.5714285714 0.75)
(0.1428571429 0.5714285714 0.875)
(0.1428571429 0.5714285714 1)
(0.1428571429 0.5714285714 1.125)
(0.1428571429 0.5714285714 1.25)
(0.1428571429 0.5714285714 1.375)
(0.1428571429 0.5714285714 1.5)
(0.1428571429 0.5714285714 1.625)
(0.1428571429 0.5714285714 1.75)
(0.1428571429 0.5714285714 1.875)
(0.1428571429 0.5714285714 2)
(0.1428571429 0.5714285714 2.125)
(0.1428571429 0.5714285714 2.25)
(0.1428571429 0.5714285714 2.375)
(0.1428571429 0.5714285714 2.5)
(0.1428571429 0.5714285714 2.625)
(0.1428571429 0.5714285714 2.75)
(0.1428571429 0.5714285714 2.875)
(0.1428571429 0.5714285714 3)
(0.1428571429 0.5714285714 3.125)
(0.1428571429 0.5714285714 3.25)
(0.1428571429 0.5714285714 3.375)
(0.1428571429 0.5714285714 3.5)
(0.1428571429 0.5714285714 3.625)
(0.1428571429 0.5714285714 3.75)
(0.1428571429 0.5714285714 3.875)
(0.1428571429 0.5714285714 4)
(0.1428571429 0.5714285714 4.125)
(0.1428571429 0.5714285714 4.25)
(0.1428571429 0.5714285714 4.375)
(0.1428571429 0.5714285714 4.5)
(0.1428571429 0.5714285714 4.625)
(0.1428571429 0.5714285714 4.75)
(0.1428571429 0.5714285714 4.875)
(0.1428571429 0.5714285714 5)
(0.1428571429 0.5714285714 5.125)
(0.1428571429 0.5714285714 5.25)
(0.1428571429 0.5714285714 5.375)
(0.1428571429 0.5714285714 5.5)
(0.1428571429 0.5714285714 5.625)
(0.1428571429 0.5714285714 5.75)
(0.1428571429 0.5714285714 5.875)
(0.2857142857 0.5714285714 0.125)
(0.2857142857 0.5714285714 0.25)
(0.2857142857 0.5714285714 0.375)
(0.2857142857 0.5714285714 0.5)
(0.2857142857 0.5714285714 0.625)
(0.2857142857 0.5714285714 0.75)
(0.2857142857 0.5714285714 0.875)
(0.2857142857 0.5714285714 1)
(0.2857142857 0.5714285714 1.125)
(0.2857142857 0.5714285714 1.25)
(0.2857142857 0.5714285714 1.375)
(0.2857142857 0.5714285714 1.5)
(0.2857142857 0.5714285714 1.625)
(0.2857142857 0.5714285714 1.75)
(0.2857142857 0.5714285714 1.875)
(0.2857142857 0.5714285714 2)
(0.2857142857 0.5714285714 2.125)
(0.2857142857 0.5714285714 2.25)
(0.2857142857 0.5714285714 2.375)
(0.2857142857 0.5714285714 2.5)
(0.2857142857 0.5714285714 2.625)
(0.2857142857 0.5714285714 2.75)
(0.2857142857 0.5714285714 2.875)
(0.2857142857 0.5714285714 3)
(0.2857142857 0.5714285714 3.125)
(0.2857142857 0.5714285714 3.25)
(0.2857142857 0.5714285714 3.375)
(0.2857142857 0.5714285714 3.5)
(0.2857142857 0.5714285714 3.625)
(0.2857142857 0.5714285714 3.75)
(0.2857142857 0.5714285714 3.875)
(0.2857142857 0.5714285714 4)
(0.2857142857 0.5714285714 4.125)
(0.2857142857 0.5714285714 4.25)
(0.2857142857 0.5714285714 4.375)
(0.2857142857 0.5714285714 4.5)
(0.2857142857 0.5714285714 4.625)
(0.2857142857 0.5714285714 4.75)
(0.2857142857 0.5714285714 4.875)
(0.2857142857 0.5714285714 5)
(0.2857142857 0.5714285714 5.125)
(0.2857142857 0.5714285714 5.25)
(0.2857142857 0.5714285714 5.375)
(0.2857142857 0.5714285714 5.5)
(0.2857142857 0.5714285714 5.625)
(0.2857142857 0.5714285714 5.75)
(0.2857142857 0.5714285714 5.875)
(0.4285714286 0.5714285714 0.125)
(0.4285714286 0.5714285714 0.25)
(0.4285714286 0.5714285714 0.375)
(0.4285714286 0.5714285714 0.5)
(0.4285714286 0.5714285714 0.625)
(0.4285714286 0.5714285714 0.75)
(0.4285714286 0.5714285714 0.875)
(0.4285714286 0.5714285714 1)
(0.4285714286 0.5714285714 1.125)
(0.4285714286 0.5714285714 1.25)
(0.4285714286 0.5714285714 1.375)
(0.4285714286 0.5714285714 1.5)
(0.4285714286 0.5714285714 1.625)
(0.4285714286 0.5714285714 1.75)
(0.4285714286 0.5714285714 1.875)
(0.4285714286 0.5714285714 2)
(0.4285714286 0.5714285714 2.125)
(0.4285714286 0.5714285714 2.25)
(0.4285714286 0.5714285714 2.375)
(0.4285714286 0.5714285714 2.5)
(0.4285714286 0.5714285714 2.625)
(0.4285714286 0.5714285714 2.75)
(0.4285714286 0.5714285714 2.875)
(0.4285714286 0.5714285714 3)
(0.4285714286 0.5714285714 3.125)
(0.4285714286 0.5714285714 3.25)
(0.4285714286 0.5714285714 3.375)
(0.4285714286 0.5714285714 3.5)
(0.4285714286 0.5714285714 3.625)
(0.4285714286 0.5714285714 3.75)
(0.4285714286 0.5714285714 3.875)
(0.4285714286 0.5714285714 4)
(0.4285714286 0.5714285714 4.125)
(0.4285714286 0.5714285714 4.25)
(0.4285714286 0.5714285714 4.375)
(0.4285714286 0.5714285714 4.5)
(0.4285714286 0.5714285714 4.625)
(0.4285714286 0.5714285714 4.75)
(0.4285714286 0.5714285714 4.875)
(0.4285714286 0.5714285714 5)
(0.4285714286 0.5714285714 5.125)
(0.4285714286 0.5714285714 5.25)
(0.4285714286 0.5714285714 5.375)
(0.4285714286 0.5714285714 5.5)
(0.4285714286 0.5714285714 5.625)
(0.4285714286 0.5714285714 5.75)
(0.4285714286 0.5714285714 5.875)
(0.5714285714 0.5714285714 0.125)
(0.5714285714 0.5714285714 0.25)
(0.5714285714 0.5714285714 0.375)
(0.5714285714 0.5714285714 0.5)
(0.5714285714 0.5714285714 0.625)
(0.5714285714 0.5714285714 0.75)
(0.5714285714 0.5714285714 0.875)
(0.5714285714 0.5714285714 1)
(0.5714285714 0.5714285714 1.125)
(0.5714285714 0.5714285714 1.25)
(0.5714285714 0.5714285714 1.375)
(0.5714285714 0.5714285714 1.5)
(0.5714285714 0.5714285714 1.625)
(0.5714285714 0.5714285714 1.75)
(0.5714285714 0.5714285714 1.875)
(0.5714285714 0.5714285714 2)
(0.5714285714 0.5714285714 2.125)
(0.5714285714 0.5714285714 2.25)
(0.5714285714 0.5714285714 2.375)
(0.5714285714 0.5714285714 2.5)
(0.5714285714 0.5714285714 2.625)
(0.5714285714 0.5714285714 2.75)
(0.5714285714 0.5714285714 2.875)
(0.5714285714 0.5714285714 3)
(0.5714285714 0.5714285714 3.125)
(0.5714285714 0.5714285714 3.25)
(0.5714285714 0.5714285714 3.375)
(0.5714285714 0.5714285714 3.5)
(0.5714285714 0.5714285714 3.625)
(0.5714285714 0.5714285714 3.75)
(0.5714285714 0.5714285714 3.875)
(0.5714285714 0.5714285714 4)
(0.5714285714 0.5714285714 4.125)
(0.5714285714 0.5714285714 4.25)
(0.5714285714 0.5714285714 4.375)
(0.5714285714 0.5714285714 4.5)
(0.5714285714 0.5714285714 4.625)
(0.5714285714 0.5714285714 4.75)
(0.5714285714 0.5714285714 4.875)
(0.5714285714 0.5714285714 5)
(0.5714285714 0.5714285714 5.125)
(0.5714285714 0.5714285714 5.25)
(0.5714285714 0.5714285714 5.375)
(0.5714285714 0.5714285714 5.5)
(0.5714285714 0.5714285714 5.625)
(0.5714285714 0.5714285714 5.75)
(0.5714285714 0.5714285714 5.875)
(0.7142857143 0.5714285714 0.125)
(0.7142857143 0.5714285714 0.25)
(0.7142857143 0.5714285714 0.375)
(0.7142857143 0.5714285714 0.5)
(0.7142857143 0.5714285714 0.625)
(0.7142857143 0.5714285714 0.75)
(0.7142857143 0.5714285714 0.875)
(0.7142857143 0.5714285714 1)
(0.7142857143 0.5714285714 1.125)
(0.7142857143 0.5714285714 1.25)
(0.7142857143 0.5714285714 1.375)
(0.7142857143 0.5714285714 1.5)
(0.7142857143 0.5714285714 1.625)
(0.7142857143 0.5714285714 1.75)
(0.7142857143 0.5714285714 1.875)
(0.7142857143 0.5714285714 2)
(0.7142857143 0.5714285714 2.125)
(0.7142857143 0.5714285714 2.25)
(0.7142857143 0.5714285714 2.375)
(0.7142857143 0.5714285714 2.5)
(0.7142857143 0.5714285714 2.625)
(0.7142857143 0.5714285714 2.75)
(0.7142857143 0.5714285714 2.875)
(0.7142857143 0.5714285714 3)
(0.7142857143 0.5714285714 3.125)
(0.7142857143 0.5714285714 3.25)
(0.7142857143 0.5714285714 3.375)
(0.7142857143 0.5714285714 3.5)
(0.7142857143 0.5714285714 3.625)
(0.7142857143 0.5714285714 3.75)
(0.7142857143 0.5714285714 3.875)
(0.7142857143 0.5714285714 4)
(0.7142857143 0.5714285714 4.125)
(0.7142857143 0.5714285714 4.25)
(0.7142857143 0.5714285714 4.375)
(0.7142857143 0.5714285714 4.5)
(0.7142857143 0.5714285714 4.625)
(0.7142857143 0.5714285714 4.75)
(0.7142857143 0.5714285714 4.875)
(0.7142857143 0.5714285714 5)
(0.7142857143 0.5714285714 5.125)
(0.7142857143 0.5714285714 5.25)
(0.7142857143 0.5714285714 5.375)
(0.7142857143 0.5714285714 5.5)
(0.7142857143 0.5714285714 5.625)
(0.7142857143 0.5714285714 5.75)
(0.7142857143 0.5714285714 5.875)
(0.8571428571 0.5714285714 0.125)
(0.8571428571 0.5714285714 0.25)
(0.8571428571 0.5714285714 0.375)
(0.8571428571 0.5714285714 0.5)
(0.8571428571 0.5714285714 0.625)
(0.8571428571 0.5714285714 0.75)
(0.8571428571 0.5714285714 0.875)
(0.8571428571 0.5714285714 1)
(0.8571428571 0.5714285714 1.125)
(0.8571428571 0.5714285714 1.25)
(0.8571428571 0.5714285714 1.375)
(0.8571428571 0.5714285714 1.5)
(0.8571428571 0.5714285714 1.625)
(0.8571428571 0.5714285714 1.75)
(0.8571428571 0.5714285714 1.875)
(0.8571428571 0.5714285714 2)
(0.8571428571 0.5714285714 2.125)
(0.8571428571 0.5714285714 2.25)
(0.8571428571 0.5714285714 2.375)
(0.8571428571 0.5714285714 2.5)
(0.8571428571 0.5714285714 2.625)
(0.8571428571 0.5714285714 2.75)
(0.8571428571 0.5714285714 2.875)
(0.8571428571 0.5714285714 3)
(0.8571428571 0.5714285714 3.125)
(0.8571428571 0.5714285714 3.25)
(0.8571428571 0.5714285714 3.375)
(0.8571428571 0.5714285714 3.5)
(0.8571428571 0.5714285714 3.625)
(0.8571428571 0.5714285714 3.75)
(0.8571428571 0.5714285714 3.875)
(0.8571428571 0.5714285714 4)
(0.8571428571 0.5714285714 4.125)
(0.8571428571 0.5714285714 4.25)
(0.8571428571 0.5714285714 4.375)
(0.8571428571 0.5714285714 4.5)
(0.8571428571 0.5714285714 4.625)
(0.8571428571 0.5714285714 4.75)
(0.8571428571 0.5714285714 4.875)
(0.8571428571 0.5714285714 5)
(0.8571428571 0.5714285714 5.125)
(0.8571428571 0.5714285714 5.25)
(0.8571428571 0.5714285714 5.375)
(0.8571428571 0.5714285714 5.5)
(0.8571428571 0.5714285714 5.625)
(0.8571428571 0.5714285714 5.75)
(0.8571428571 0.5714285714 5.875)
(0.1428571429 0.7142857143 0.125)
(0.1428571429 0.7142857143 0.25)
(0.1428571429 0.7142857143 0.375)
(0.1428571429 0.7142857143 0.5)
(0.1428571429 0.7142857143 0.625)
(0.1428571429 0.7142857143 0.75)
(0.1428571429 0.7142857143 0.875)
(0.1428571429 0.7142857143 1)
(0.1428571429 0.7142857143 1.125)
(0.1428571429 0.7142857143 1.25)
(0.1428571429 0.7142857143 1.375)
(0.1428571429 0.7142857143 1.5)
(0.1428571429 0.7142857143 1.625)
(0.1428571429 0.7142857143 1.75)
(0.1428571429 0.7142857143 1.875)
(0.1428571429 0.7142857143 2)
(0.1428571429 0.7142857143 2.125)
(0.1428571429 0.7142857143 2.25)
(0.1428571429 0.7142857143 2.375)
(0.1428571429 0.7142857143 2.5)
(0.1428571429 0.7142857143 2.625)
(0.1428571429 0.7142857143 2.75)
(0.1428571429 0.7142857143 2.875)
(0.1428571429 0.7142857143 3)
(0.1428571429 0.7142857143 3.125)
(0.1428571429 0.7142857143 3.25)
(0.1428571429 0.7142857143 3.375)
(0.1428571429 0.7142857143 3.5)
(0.1428571429 0.7142857143 3.625)
(0.1428571429 0.7142857143 3.75)
(0.1428571429 0.7142857143 3.875)
(0.1428571429 0.7142857143 4)
(0.1428571429 0.7142857143 4.125)
(0.1428571429 0.7142857143 4.25)
(0.1428571429 0.7142857143 4.375)
(0.1428571429 0.7142857143 4.5)
(0.1428571429 0.7142857143 4.625)
(0.1428571429 0.7142857143 4.75)
(0.1428571429 0.7142857143 4.875)
(0.1428571429 0.7142857143 5)
(0.1428571429 0.7142857143 5.125)
(0.1428571429 0.7142857143 5.25)
(0.1428571429 0.7142857143 5.375)
(0.1428571429 0.7142857143 5.5)
(0.1428571429 0.7142857143 5.625)
(0.1428571429 0.7142857143 5.75)
(0.1428571429 0.7142857143 5.875)
(0.2857142857 0.7142857143 0.125)
(0.2857142857 0.7142857143 0.25)
(0.2857142857 0.7142857143 0.375)
(0.2857142857 0.7142857143 0.5)
(0.2857142857 0.7142857143 0.625)
(0.2857142857 0.7142857143 0.75)
(0.2857142857 0.7142857143 0.875)
(0.2857142857 0.7142857143 1)
(0.2857142857 0.7142857143 1.125)
(0.2857142857 0.7142857143 1.25)
(0.2857142857 0.7142857143 1.375)
(0.2857142857 0.7142857143 1.5)
(0.2857142857 0.7142857143 1.625)
(0.2857142857 0.7142857143 1.75)
(0.2857142857 0.7142857143 1.875)
(0.2857142857 0.7142857143 2)
(0.2857142857 0.7142857143 2.125)
(0.2857142857 0.7142857143 2.25)
(0.2857142857 0.7142857143 2.375)
(0.2857142857 0.7142857143 2.5)
(0.2857142857 0.7142857143 2.625)
(0.2857142857 0.7142857143 2.75)
(0.2857142857 0.7142857143 2.875)
(0.2857142857 0.7142857143 3)
(0.2857142857 0.7142857143 3.125)
(0.2857142857 0.7142857143 3.25)
(0.2857142857 0.7142857143 3.375)
(0.2857142857 0.7142857143 3.5)
(0.2857142857 0.7142857143 3.625)
(0.2857142857 0.7142857143 3.75)
(0.2857142857 0.7142857143 3.875)
(0.2857142857 0.7142857143 4)
(0.2857142857 0.7142857143 4.125)
(0.2857142857 0.7142857143 4.25)
(0.2857142857 0.7142857143 4.375)
(0.2857142857 0.7142857143 4.5)
(0.2857142857 0.7142857143 4.625)
(0.2857142857 0.7142857143 4.75)
(0.2857142857 0.7142857143 4.875)
(0.2857142857 0.7142857143 5)
(0.2857142857 0.7142857143 5.125)
(0.2857142857 0.7142857143 5.25)
(0.2857142857 0.7142857143 5.375)
(0.2857142857 0.7142857143 5.5)
(0.2857142857 0.7142857143 5.625)
(0.2857142857 0.7142857143 5.75)
(0.2857142857 0.7142857143 5.875)
(0.4285714286 0.7142857143 0.125)
(0.4285714286 0.7142857143 0.25)
(0.4285714286 0.7142857143 0.375)
(0.4285714286 0.7142857143 0.5)
(0.4285714286 0.7142857143 0.625)
(0.4285714286 0.7142857143 0.75)
(0.4285714286 0.7142857143 0.875)
(0.4285714286 0.7142857143 1)
(0.4285714286 0.7142857143 1.125)
(0.4285714286 0.7142857143 1.25)
(0.4285714286 0.7142857143 1.375)
(0.4285714286 0.7142857143 1.5)
(0.4285714286 0.7142857143 1.625)
(0.4285714286 0.7142857143 1.75)
(0.4285714286 0.7142857143 1.875)
(0.4285714286 0.7142857143 2)
(0.4285714286 0.7142857143 2.125)
(0.4285714286 0.7142857143 2.25)
(0.4285714286 0.7142857143 2.375)
(0.4285714286 0.7142857143 2.5)
(0.4285714286 0.7142857143 2.625)
(0.4285714286 0.7142857143 2.75)
(0.4285714286 0.7142857143 2.875)
(0.4285714286 0.7142857143 3)
(0.4285714286 0.7142857143 3.125)
(0.4285714286 0.7142857143 3.25)
(0.4285714286 0.7142857143 3.375)
(0.4285714286 0.7142857143 3.5)
(0.4285714286 0.7142857143 3.625)
(0.4285714286 0.7142857143 3.75)
(0.4285714286 0.7142857143 3.875)
(0.4285714286 0.7142857143 4)
(0.4285714286 0.7142857143 4.125)
(0.4285714286 0.7142857143 4.25)
(0.4285714286 0.7142857143 4.375)
(0.4285714286 0.7142857143 4.5)
(0.4285714286 0.7142857143 4.625)
(0.4285714286 0.7142857143 4.75)
(0.4285714286 0.7142857143 4.875)
(0.4285714286 0.7142857143 5)
(0.4285714286 0.7142857143 5.125)
(0.4285714286 0.7142857143 5.25)
(0.4285714286 0.7142857143 5.375)
(0.4285714286 0.7142857143 5.5)
(0.4285714286 0.7142857143 5.625)
(0.4285714286 0.7142857143 5.75)
(0.4285714286 0.7142857143 5.875)
(0.5714285714 0.7142857143 0.125)
(0.5714285714 0.7142857143 0.25)
(0.5714285714 0.7142857143 0.375)
(0.5714285714 0.7142857143 0.5)
(0.5714285714 0.7142857143 0.625)
(0.5714285714 0.7142857143 0.75)
(0.5714285714 0.7142857143 0.875)
(0.5714285714 0.7142857143 1)
(0.5714285714 0.7142857143 1.125)
(0.5714285714 0.7142857143 1.25)
(0.5714285714 0.7142857143 1.375)
(0.5714285714 0.7142857143 1.5)
(0.5714285714 0.7142857143 1.625)
(0.5714285714 0.7142857143 1.75)
(0.5714285714 0.7142857143 1.875)
(0.5714285714 0.7142857143 2)
(0.5714285714 0.7142857143 2.125)
(0.5714285714 0.7142857143 2.25)
(0.5714285714 0.7142857143 2.375)
(0.5714285714 0.7142857143 2.5)
(0.5714285714 0.7142857143 2.625)
(0.5714285714 0.7142857143 2.75)
(0.5714285714 0.7142857143 2.875)
(0.5714285714 0.7142857143 3)
(0.5714285714 0.7142857143 3.125)
(0.5714285714 0.7142857143 3.25)
(0.5714285714 0.7142857143 3.375)
(0.5714285714 0.7142857143 3.5)
(0.5714285714 0.7142857143 3.625)
(0.5714285714 0.7142857143 3.75)
(0.5714285714 0.7142857143 3.875)
(0.5714285714 0.7142857143 4)
(0.5714285714 0.7142857143 4.125)
(0.5714285714 0.7142857143 4.25)
(0.5714285714 0.7142857143 4.375)
(0.5714285714 0.7142857143 4.5)
(0.5714285714 0.7142857143 4.625)
(0.5714285714 0.7142857143 4.75)
(0.5714285714 0.7142857143 4.875)
(0.5714285714 0.7142857143 5)
(0.5714285714 0.7142857143 5.125)
(0.5714285714 0.7142857143 5.25)
(0.5714285714 0.7142857143 5.375)
(0.5714285714 0.7142857143 5.5)
(0.5714285714 0.7142857143 5.625)
(0.5714285714 0.7142857143 5.75)
(0.5714285714 0.7142857143 5.875)
(0.7142857143 0.7142857143 0.125)
(0.7142857143 0.7142857143 0.25)
(0.7142857143 0.7142857143 0.375)
(0.7142857143 0.7142857143 0.5)
(0.7142857143 0.7142857143 0.625)
(0.7142857143 0.7142857143 0.75)
(0.7142857143 0.7142857143 0.875)
(0.7142857143 0.7142857143 1)
(0.7142857143 0.7142857143 1.125)
(0.7142857143 0.7142857143 1.25)
(0.7142857143 0.7142857143 1.375)
(0.7142857143 0.7142857143 1.5)
(0.7142857143 0.7142857143 1.625)
(0.7142857143 0.7142857143 1.75)
(0.7142857143 0.7142857143 1.875)
(0.7142857143 0.7142857143 2)
(0.7142857143 0.7142857143 2.125)
(0.7142857143 0.7142857143 2.25)
(0.7142857143 0.7142857143 2.375)
(0.7142857143 0.7142857143 2.5)
(0.7142857143 0.7142857143 2.625)
(0.7142857143 0.7142857143 2.75)
(0.7142857143 0.7142857143 2.875)
(0.7142857143 0.7142857143 3)
(0.7142857143 0.7142857143 3.125)
(0.7142857143 0.7142857143 3.25)
(0.7142857143 0.7142857143 3.375)
(0.7142857143 0.7142857143 3.5)
(0.7142857143 0.7142857143 3.625)
(0.7142857143 0.7142857143 3.75)
(0.7142857143 0.7142857143 3.875)
(0.7142857143 0.7142857143 4)
(0.7142857143 0.7142857143 4.125)
(0.7142857143 0.7142857143 4.25)
(0.7142857143 0.7142857143 4.375)
(0.7142857143 0.7142857143 4.5)
(0.7142857143 0.7142857143 4.625)
(0.7142857143 0.7142857143 4.75)
(0.7142857143 0.7142857143 4.875)
(0.7142857143 0.7142857143 5)
(0.7142857143 0.7142857143 5.125)
(0.7142857143 0.7142857143 5.25)
(0.7142857143 0.7142857143 5.375)
(0.7142857143 0.7142857143 5.5)
(0.7142857143 0.7142857143 5.625)
(0.7142857143 0.7142857143 5.75)
(0.7142857143 0.7142857143 5.875)
(0.8571428571 0.7142857143 0.125)
(0.8571428571 0.7142857143 0.25)
(0.8571428571 0.7142857143 0.375)
(0.8571428571 0.7142857143 0.5)
(0.8571428571 0.7142857143 0.625)
(0.8571428571 0.7142857143 0.75)
(0.8571428571 0.7142857143 0.875)
(0.8571428571 0.7142857143 1)
(0.8571428571 0.7142857143 1.125)
(0.8571428571 0.7142857143 1.25)
(0.8571428571 0.7142857143 1.375)
(0.8571428571 0.7142857143 1.5)
(0.8571428571 0.7142857143 1.625)
(0.8571428571 0.7142857143 1.75)
(0.8571428571 0.7142857143 1.875)
(0.8571428571 0.7142857143 2)
(0.8571428571 0.7142857143 2.125)
(0.8571428571 0.7142857143 2.25)
(0.8571428571 0.7142857143 2.375)
(0.8571428571 0.7142857143 2.5)
(0.8571428571 0.7142857143 2.625)
(0.8571428571 0.7142857143 2.75)
(0.8571428571 0.7142857143 2.875)
(0.8571428571 0.7142857143 3)
(0.8571428571 0.7142857143 3.125)
(0.8571428571 0.7142857143 3.25)
(0.8571428571 0.7142857143 3.375)
(0.8571428571 0.7142857143 3.5)
(0.8571428571 0.7142857143 3.625)
(0.8571428571 0.7142857143 3.75)
(0.8571428571 0.7142857143 3.875)
(0.8571428571 0.7142857143 4)
(0.8571428571 0.7142857143 4.125)
(0.8571428571 0.7142857143 4.25)
(0.8571428571 0.7142857143 4.375)
(0.8571428571 0.7142857143 4.5)
(0.8571428571 0.7142857143 4.625)
(0.8571428571 0.7142857143 4.75)
(0.8571428571 0.7142857143 4.875)
(0.8571428571 0.7142857143 5)
(0.8571428571 0.7142857143 5.125)
(0.8571428571 0.7142857143 5.25)
(0.8571428571 0.7142857143 5.375)
(0.8571428571 0.7142857143 5.5)
(0.8571428571 0.7142857143 5.625)
(0.8571428571 0.7142857143 5.75)
(0.8571428571 0.7142857143 5.875)
(0.1428571429 0.8571428571 0.125)
(0.1428571429 0.8571428571 0.25)
(0.1428571429 0.8571428571 0.375)
(0.1428571429 0.8571428571 0.5)
(0.1428571429 0.8571428571 0.625)
(0.1428571429 0.8571428571 0.75)
(0.1428571429 0.8571428571 0.875)
(0.1428571429 0.8571428571 1)
(0.1428571429 0.8571428571 1.125)
(0.1428571429 0.8571428571 1.25)
(0.1428571429 0.8571428571 1.375)
(0.1428571429 0.8571428571 1.5)
(0.1428571429 0.8571428571 1.625)
(0.1428571429 0.8571428571 1.75)
(0.1428571429 0.8571428571 1.875)
(0.1428571429 0.8571428571 2)
(0.1428571429 0.8571428571 2.125)
(0.1428571429 0.8571428571 2.25)
(0.1428571429 0.8571428571 2.375)
(0.1428571429 0.8571428571 2.5)
(0.1428571429 0.8571428571 2.625)
(0.1428571429 0.8571428571 2.75)
(0.1428571429 0.8571428571 2.875)
(0.1428571429 0.8571428571 3)
(0.1428571429 0.8571428571 3.125)
(0.1428571429 0.8571428571 3.25)
(0.1428571429 0.8571428571 3.375)
(0.1428571429 0.8571428571 3.5)
(0.1428571429 0.8571428571 3.625)
(0.1428571429 0.8571428571 3.75)
(0.1428571429 0.8571428571 3.875)
(0.1428571429 0.8571428571 4)
(0.1428571429 0.8571428571 4.125)
(0.1428571429 0.8571428571 4.25)
(0.1428571429 0.8571428571 4.375)
(0.1428571429 0.8571428571 4.5)
(0.1428571429 0.8571428571 4.625)
(0.1428571429 0.8571428571 4.75)
(0.1428571429 0.8571428571 4.875)
(0.1428571429 0.8571428571 5)
(0.1428571429 0.8571428571 5.125)
(0.1428571429 0.8571428571 5.25)
(0.1428571429 0.8571428571 5.375)
(0.1428571429 0.8571428571 5.5)
(0.1428571429 0.8571428571 5.625)
(0.1428571429 0.8571428571 5.75)
(0.1428571429 0.8571428571 5.875)
(0.2857142857 0.8571428571 0.125)
(0.2857142857 0.8571428571 0.25)
(0.2857142857 0.8571428571 0.375)
(0.2857142857 0.8571428571 0.5)
(0.2857142857 0.8571428571 0.625)
(0.2857142857 0.8571428571 0.75)
(0.2857142857 0.8571428571 0.875)
(0.2857142857 0.8571428571 1)
(0.2857142857 0.8571428571 1.125)
(0.2857142857 0.8571428571 1.25)
(0.2857142857 0.8571428571 1.375)
(0.2857142857 0.8571428571 1.5)
(0.2857142857 0.8571428571 1.625)
(0.2857142857 0.8571428571 1.75)
(0.2857142857 0.8571428571 1.875)
(0.2857142857 0.8571428571 2)
(0.2857142857 0.8571428571 2.125)
(0.2857142857 0.8571428571 2.25)
(0.2857142857 0.8571428571 2.375)
(0.2857142857 0.8571428571 2.5)
(0.2857142857 0.8571428571 2.625)
(0.2857142857 0.8571428571 2.75)
(0.2857142857 0.8571428571 2.875)
(0.2857142857 0.8571428571 3)
(0.2857142857 0.8571428571 3.125)
(0.2857142857 0.8571428571 3.25)
(0.2857142857 0.8571428571 3.375)
(0.2857142857 0.8571428571 3.5)
(0.2857142857 0.8571428571 3.625)
(0.2857142857 0.8571428571 3.75)
(0.2857142857 0.8571428571 3.875)
(0.2857142857 0.8571428571 4)
(0.2857142857 0.8571428571 4.125)
(0.2857142857 0.8571428571 4.25)
(0.2857142857 0.8571428571 4.375)
(0.2857142857 0.8571428571 4.5)
(0.2857142857 0.8571428571 4.625)
(0.2857142857 0.8571428571 4.75)
(0.2857142857 0.8571428571 4.875)
(0.2857142857 0.8571428571 5)
(0.2857142857 0.8571428571 5.125)
(0.2857142857 0.8571428571 5.25)
(0.2857142857 0.8571428571 5.375)
(0.2857142857 0.8571428571 5.5)
(0.2857142857 0.8571428571 5.625)
(0.2857142857 0.8571428571 5.75)
(0.2857142857 0.8571428571 5.875)
(0.4285714286 0.8571428571 0.125)
(0.4285714286 0.8571428571 0.25)
(0.4285714286 0.8571428571 0.375)
(0.4285714286 0.8571428571 0.5)
(0.4285714286 0.8571428571 0.625)
(0.4285714286 0.8571428571 0.75)
(0.4285714286 0.8571428571 0.875)
(0.4285714286 0.8571428571 1)
(0.4285714286 0.8571428571 1.125)
(0.4285714286 0.8571428571 1.25)
(0.4285714286 0.8571428571 1.375)
(0.4285714286 0.8571428571 1.5)
(0.4285714286 0.8571428571 1.625)
(0.4285714286 0.8571428571 1.75)
(0.4285714286 0.8571428571 1.875)
(0.4285714286 0.8571428571 2)
(0.4285714286 0.8571428571 2.125)
(0.4285714286 0.8571428571 2.25)
(0.4285714286 0.8571428571 2.375)
(0.4285714286 0.8571428571 2.5)
(0.4285714286 0.8571428571 2.625)
(0.4285714286 0.8571428571 2.75)
(0.4285714286 0.8571428571 2.875)
(0.4285714286 0.8571428571 3)
(0.4285714286 0.8571428571 3.125)
(0.4285714286 0.8571428571 3.25)
(0.4285714286 0.8571428571 3.375)
(0.4285714286 0.8571428571 3.5)
(0.4285714286 0.8571428571 3.625)
(0.4285714286 0.8571428571 3.75)
(0.4285714286 0.8571428571 3.875)
(0.4285714286 0.8571428571 4)
(0.4285714286 0.8571428571 4.125)
(0.4285714286 0.8571428571 4.25)
(0.4285714286 0.8571428571 4.375)
(0.4285714286 0.8571428571 4.5)
(0.4285714286 0.8571428571 4.625)
(0.4285714286 0.8571428571 4.75)
(0.4285714286 0.8571428571 4.875)
(0.4285714286 0.8571428571 5)
(0.4285714286 0.8571428571 5.125)
(0.4285714286 0.8571428571 5.25)
(0.4285714286 0.8571428571 5.375)
(0.4285714286 0.8571428571 5.5)
(0.4285714286 0.8571428571 5.625)
(0.4285714286 0.8571428571 5.75)
(0.4285714286 0.8571428571 5.875)
(0.5714285714 0.8571428571 0.125)
(0.5714285714 0.8571428571 0.25)
(0.5714285714 0.8571428571 0.375)
(0.5714285714 0.8571428571 0.5)
(0.5714285714 0.8571428571 0.625)
(0.5714285714 0.8571428571 0.75)
(0.5714285714 0.8571428571 0.875)
(0.5714285714 0.8571428571 1)
(0.5714285714 0.8571428571 1.125)
(0.5714285714 0.8571428571 1.25)
(0.5714285714 0.8571428571 1.375)
(0.5714285714 0.8571428571 1.5)
(0.5714285714 0.8571428571 1.625)
(0.5714285714 0.8571428571 1.75)
(0.5714285714 0.8571428571 1.875)
(0.5714285714 0.8571428571 2)
(0.5714285714 0.8571428571 2.125)
(0.5714285714 0.8571428571 2.25)
(0.5714285714 0.8571428571 2.375)
(0.5714285714 0.8571428571 2.5)
(0.5714285714 0.8571428571 2.625)
(0.5714285714 0.8571428571 2.75)
(0.5714285714 0.8571428571 2.875)
(0.5714285714 0.8571428571 3)
(0.5714285714 0.8571428571 3.125)
(0.5714285714 0.8571428571 3.25)
(0.5714285714 0.8571428571 3.375)
(0.5714285714 0.8571428571 3.5)
(0.5714285714 0.8571428571 3.625)
(0.5714285714 0.8571428571 3.75)
(0.5714285714 0.8571428571 3.875)
(0.5714285714 0.8571428571 4)
(0.5714285714 0.8571428571 4.125)
(0.5714285714 0.8571428571 4.25)
(0.5714285714 0.8571428571 4.375)
(0.5714285714 0.8571428571 4.5)
(0.5714285714 0.8571428571 4.625)
(0.5714285714 0.8571428571 4.75)
(0.5714285714 0.8571428571 4.875)
(0.5714285714 0.8571428571 5)
(0.5714285714 0.8571428571 5.125)
(0.5714285714 0.8571428571 5.25)
(0.5714285714 0.8571428571 5.375)
(0.5714285714 0.8571428571 5.5)
(0.5714285714 0.8571428571 5.625)
(0.5714285714 0.8571428571 5.75)
(0.5714285714 0.8571428571 5.875)
(0.7142857143 0.8571428571 0.125)
(0.7142857143 0.8571428571 0.25)
(0.7142857143 0.8571428571 0.375)
(0.7142857143 0.8571428571 0.5)
(0.7142857143 0.8571428571 0.625)
(0.7142857143 0.8571428571 0.75)
(0.7142857143 0.8571428571 0.875)
(0.7142857143 0.8571428571 1)
(0.7142857143 0.8571428571 1.125)
(0.7142857143 0.8571428571 1.25)
(0.7142857143 0.8571428571 1.375)
(0.7142857143 0.8571428571 1.5)
(0.7142857143 0.8571428571 1.625)
(0.7142857143 0.8571428571 1.75)
(0.7142857143 0.8571428571 1.875)
(0.7142857143 0.8571428571 2)
(0.7142857143 0.8571428571 2.125)
(0.7142857143 0.8571428571 2.25)
(0.7142857143 0.8571428571 2.375)
(0.7142857143 0.8571428571 2.5)
(0.7142857143 0.8571428571 2.625)
(0.7142857143 0.8571428571 2.75)
(0.7142857143 0.8571428571 2.875)
(0.7142857143 0.8571428571 3)
(0.7142857143 0.8571428571 3.125)
(0.7142857143 0.8571428571 3.25)
(0.7142857143 0.8571428571 3.375)
(0.7142857143 0.8571428571 3.5)
(0.7142857143 0.8571428571 3.625)
(0.7142857143 0.8571428571 3.75)
(0.7142857143 0.8571428571 3.875)
(0.7142857143 0.8571428571 4)
(0.7142857143 0.8571428571 4.125)
(0.7142857143 0.8571428571 4.25)
(0.7142857143 0.8571428571 4.375)
(0.7142857143 0.8571428571 4.5)
(0.7142857143 0.8571428571 4.625)
(0.7142857143 0.8571428571 4.75)
(0.7142857143 0.8571428571 4.875)
(0.7142857143 0.8571428571 5)
(0.7142857143 0.8571428571 5.125)
(0.7142857143 0.8571428571 5.25)
(0.7142857143 0.8571428571 5.375)
(0.7142857143 0.8571428571 5.5)
(0.7142857143 0.8571428571 5.625)
(0.7142857143 0.8571428571 5.75)
(0.7142857143 0.8571428571 5.875)
(0.8571428571 0.8571428571 0.125)
(0.8571428571 0.8571428571 0.25)
(0.8571428571 0.8571428571 0.375)
(0.8571428571 0.8571428571 0.5)
(0.8571428571 0.8571428571 0.625)
(0.8571428571 0.8571428571 0.75)
(0.8571428571 0.8571428571 0.875)
(0.8571428571 0.8571428571 1)
(0.8571428571 0.8571428571 1.125)
(0.8571428571 0.8571428571 1.25)
(0.8571428571 0.8571428571 1.375)
(0.8571428571 0.8571428571 1.5)
(0.8571428571 0.8571428571 1.625)
(0.8571428571 0.8571428571 1.75)
(0.8571428571 0.8571428571 1.875)
(0.8571428571 0.8571428571 2)
(0.8571428571 0.8571428571 2.125)
(0.8571428571 0.8571428571 2.25)
(0.8571428571 0.8571428571 2.375)
(0.8571428571 0.8571428571 2.5)
(0.8571428571 0.8571428571 2.625)
(0.8571428571 0.8571428571 2.75)
(0.8571428571 0.8571428571 2.875)
(0.8571428571 0.8571428571 3)
(0.8571428571 0.8571428571 3.125)
(0.8571428571 0.8571428571 3.25)
(0.8571428571 0.8571428571 3.375)
(0.8571428571 0.8571428571 3.5)
(0.8571428571 0.8571428571 3.625)
(0.8571428571 0.8571428571 3.75)
(0.8571428571 0.8571428571 3.875)
(0.8571428571 0.8571428571 4)
(0.8571428571 0.8571428571 4.125)
(0.8571428571 0.8571428571 4.25)
(0.8571428571 0.8571428571 4.375)
(0.8571428571 0.8571428571 4.5)
(0.8571428571 0.8571428571 4.625)
(0.8571428571 0.8571428571 4.75)
(0.8571428571 0.8571428571 4.875)
(0.8571428571 0.8571428571 5)
(0.8571428571 0.8571428571 5.125)
(0.8571428571 0.8571428571 5.25)
(0.8571428571 0.8571428571 5.375)
(0.8571428571 0.8571428571 5.5)
(0.8571428571 0.8571428571 5.625)
(0.8571428571 0.8571428571 5.75)
(0.8571428571 0.8571428571 5.875)
)


// ************************************************************************* //
