/*--------------------------------*- C++ -*----------------------------------*\
| =========                 |                                                 |
| \\      /  F ield         | OpenFOAM: The Open Source CFD Toolbox           |
|  \\    /   O peration     | Version:  v2012                                 |
|   \\  /    A nd           | Website:  www.openfoam.com                      |
|    \\/     M anipulation  |                                                 |
\*---------------------------------------------------------------------------*/
FoamFile
{
    version     2.0;
    format      ascii;
    class       labelList;
    note        "nPoints:1517  nCells:6720  nFaces:14136  nInternalFaces:12744";
    location    "constant/polyMesh";
    object      neighbour;
}
// * * * * * * * * * * * * * * * * * * * * * * * * * * * * * * * * * * * * * //


12744
(
4
17
1441
5
19
3856
7
1442
3857
6
18
1443
3858
5
6
23
7
7
1447
3861
12
16
25
13
24
1456
15
18
26
1458
14
17
1459
13
14
15
29
15
21
1462
20
3848
21
23
3849
22
3851
21
22
23
23
3852
28
41
1465
29
43
3880
31
1466
3881
30
42
1467
3882
29
30
47
31
31
1471
3885
36
40
49
37
48
1480
39
42
50
1482
38
41
1483
37
38
39
53
39
45
1486
44
3872
45
47
3873
46
3875
45
46
47
47
3876
52
65
1489
53
67
3904
55
1490
3905
54
66
1491
3906
53
54
71
55
55
1495
3909
60
64
73
61
72
1504
63
66
74
1506
62
65
1507
61
62
63
77
63
69
1510
68
3896
69
71
3897
70
3899
69
70
71
71
3900
76
89
1513
77
91
3928
79
1514
3929
78
90
1515
3930
77
78
95
79
79
1519
3933
84
88
97
85
96
1528
87
90
98
1530
86
89
1531
85
86
87
101
87
93
1534
92
3920
93
95
3921
94
3923
93
94
95
95
3924
100
113
1537
101
115
3952
103
1538
3953
102
114
1539
3954
101
102
119
103
103
1543
3957
108
112
121
109
120
1552
111
114
122
1554
110
113
1555
109
110
111
125
111
117
1558
116
3944
117
119
3945
118
3947
117
118
119
119
3948
124
137
1561
125
139
3976
127
1562
3977
126
138
1563
3978
125
126
143
127
127
1567
3981
132
136
145
133
144
1576
135
138
146
1578
134
137
1579
133
134
135
149
135
141
1582
140
3968
141
143
3969
142
3971
141
142
143
143
3972
148
161
1585
149
163
4000
151
1586
4001
150
162
1587
4002
149
150
167
151
151
1591
4005
156
160
169
157
168
1600
159
162
170
1602
158
161
1603
157
158
159
173
159
165
1606
164
3992
165
167
3993
166
3995
165
166
167
167
3996
172
185
1609
173
187
4024
175
1610
4025
174
186
1611
4026
173
174
191
175
175
1615
4029
180
184
193
181
192
1624
183
186
194
1626
182
185
1627
181
182
183
197
183
189
1630
188
4016
189
191
4017
190
4019
189
190
191
191
4020
196
209
1633
197
211
4048
199
1634
4049
198
210
1635
4050
197
198
215
199
199
1639
4053
204
208
217
205
216
1648
207
210
218
1650
206
209
1651
205
206
207
221
207
213
1654
212
4040
213
215
4041
214
4043
213
214
215
215
4044
220
233
1657
221
235
4072
223
1658
4073
222
234
1659
4074
221
222
239
223
223
1663
4077
228
232
241
229
240
1672
231
234
242
1674
230
233
1675
229
230
231
245
231
237
1678
236
4064
237
239
4065
238
4067
237
238
239
239
4068
244
257
1681
245
259
4096
247
1682
4097
246
258
1683
4098
245
246
263
247
247
1687
4101
252
256
265
253
264
1696
255
258
266
1698
254
257
1699
253
254
255
269
255
261
1702
260
4088
261
263
4089
262
4091
261
262
263
263
4092
268
281
1705
269
283
4120
271
1706
4121
270
282
1707
4122
269
270
287
271
271
1711
4125
276
280
289
277
288
1720
279
282
290
1722
278
281
1723
277
278
279
293
279
285
1726
284
4112
285
287
4113
286
4115
285
286
287
287
4116
292
305
1729
293
307
4144
295
1730
4145
294
306
1731
4146
293
294
311
295
295
1735
4149
300
304
313
301
312
1744
303
306
314
1746
302
305
1747
301
302
303
317
303
309
1750
308
4136
309
311
4137
310
4139
309
310
311
311
4140
316
329
1753
317
331
4168
319
1754
4169
318
330
1755
4170
317
318
335
319
319
1759
4173
324
328
337
325
336
1768
327
330
338
1770
326
329
1771
325
326
327
341
327
333
1774
332
4160
333
335
4161
334
4163
333
334
335
335
4164
340
353
1777
341
355
4192
343
1778
4193
342
354
1779
4194
341
342
359
343
343
1783
4197
348
352
361
349
360
1792
351
354
362
1794
350
353
1795
349
350
351
365
351
357
1798
356
4184
357
359
4185
358
4187
357
358
359
359
4188
364
377
1801
365
379
4216
367
1802
4217
366
378
1803
4218
365
366
383
367
367
1807
4221
372
376
385
373
384
1816
375
378
386
1818
374
377
1819
373
374
375
389
375
381
1822
380
4208
381
383
4209
382
4211
381
382
383
383
4212
388
401
1825
389
403
4240
391
1826
4241
390
402
1827
4242
389
390
407
391
391
1831
4245
396
400
409
397
408
1840
399
402
410
1842
398
401
1843
397
398
399
413
399
405
1846
404
4232
405
407
4233
406
4235
405
406
407
407
4236
412
425
1849
413
427
4264
415
1850
4265
414
426
1851
4266
413
414
431
415
415
1855
4269
420
424
433
421
432
1864
423
426
434
1866
422
425
1867
421
422
423
437
423
429
1870
428
4256
429
431
4257
430
4259
429
430
431
431
4260
436
449
1873
437
451
4288
439
1874
4289
438
450
1875
4290
437
438
455
439
439
1879
4293
444
448
457
445
456
1888
447
450
458
1890
446
449
1891
445
446
447
461
447
453
1894
452
4280
453
455
4281
454
4283
453
454
455
455
4284
460
473
1897
461
475
4312
463
1898
4313
462
474
1899
4314
461
462
479
463
463
1903
4317
468
472
469
1912
471
474
1914
470
473
1915
469
470
471
471
477
1918
476
4304
477
479
4305
478
4307
477
478
479
479
4308
484
497
961
485
499
4320
487
962
4322
486
498
963
4323
485
486
503
487
487
967
4326
492
496
505
493
504
976
495
498
506
978
494
497
979
493
494
495
509
495
501
982
500
4329
501
503
4330
502
4331
501
502
503
503
4335
508
521
985
509
523
4344
511
986
4346
510
522
987
4347
509
510
527
511
511
991
4350
516
520
529
517
528
1000
519
522
530
1002
518
521
1003
517
518
519
533
519
525
1006
524
4353
525
527
4354
526
4355
525
526
527
527
4359
532
545
1009
533
547
4368
535
1010
4370
534
546
1011
4371
533
534
551
535
535
1015
4374
540
544
553
541
552
1024
543
546
554
1026
542
545
1027
541
542
543
557
543
549
1030
548
4377
549
551
4378
550
4379
549
550
551
551
4383
556
569
1033
557
571
4392
559
1034
4394
558
570
1035
4395
557
558
575
559
559
1039
4398
564
568
577
565
576
1048
567
570
578
1050
566
569
1051
565
566
567
581
567
573
1054
572
4401
573
575
4402
574
4403
573
574
575
575
4407
580
593
1057
581
595
4416
583
1058
4418
582
594
1059
4419
581
582
599
583
583
1063
4422
588
592
601
589
600
1072
591
594
602
1074
590
593
1075
589
590
591
605
591
597
1078
596
4425
597
599
4426
598
4427
597
598
599
599
4431
604
617
1081
605
619
4440
607
1082
4442
606
618
1083
4443
605
606
623
607
607
1087
4446
612
616
625
613
624
1096
615
618
626
1098
614
617
1099
613
614
615
629
615
621
1102
620
4449
621
623
4450
622
4451
621
622
623
623
4455
628
641
1105
629
643
4464
631
1106
4466
630
642
1107
4467
629
630
647
631
631
1111
4470
636
640
649
637
648
1120
639
642
650
1122
638
641
1123
637
638
639
653
639
645
1126
644
4473
645
647
4474
646
4475
645
646
647
647
4479
652
665
1129
653
667
4488
655
1130
4490
654
666
1131
4491
653
654
671
655
655
1135
4494
660
664
673
661
672
1144
663
666
674
1146
662
665
1147
661
662
663
677
663
669
1150
668
4497
669
671
4498
670
4499
669
670
671
671
4503
676
689
1153
677
691
4512
679
1154
4514
678
690
1155
4515
677
678
695
679
679
1159
4518
684
688
697
685
696
1168
687
690
698
1170
686
689
1171
685
686
687
701
687
693
1174
692
4521
693
695
4522
694
4523
693
694
695
695
4527
700
713
1177
701
715
4536
703
1178
4538
702
714
1179
4539
701
702
719
703
703
1183
4542
708
712
721
709
720
1192
711
714
722
1194
710
713
1195
709
710
711
725
711
717
1198
716
4545
717
719
4546
718
4547
717
718
719
719
4551
724
737
1201
725
739
4560
727
1202
4562
726
738
1203
4563
725
726
743
727
727
1207
4566
732
736
745
733
744
1216
735
738
746
1218
734
737
1219
733
734
735
749
735
741
1222
740
4569
741
743
4570
742
4571
741
742
743
743
4575
748
761
1225
749
763
4584
751
1226
4586
750
762
1227
4587
749
750
767
751
751
1231
4590
756
760
769
757
768
1240
759
762
770
1242
758
761
1243
757
758
759
773
759
765
1246
764
4593
765
767
4594
766
4595
765
766
767
767
4599
772
785
1249
773
787
4608
775
1250
4610
774
786
1251
4611
773
774
791
775
775
1255
4614
780
784
793
781
792
1264
783
786
794
1266
782
785
1267
781
782
783
797
783
789
1270
788
4617
789
791
4618
790
4619
789
790
791
791
4623
796
809
1273
797
811
4632
799
1274
4634
798
810
1275
4635
797
798
815
799
799
1279
4638
804
808
817
805
816
1288
807
810
818
1290
806
809
1291
805
806
807
821
807
813
1294
812
4641
813
815
4642
814
4643
813
814
815
815
4647
820
833
1297
821
835
4656
823
1298
4658
822
834
1299
4659
821
822
839
823
823
1303
4662
828
832
841
829
840
1312
831
834
842
1314
830
833
1315
829
830
831
845
831
837
1318
836
4665
837
839
4666
838
4667
837
838
839
839
4671
844
857
1321
845
859
4680
847
1322
4682
846
858
1323
4683
845
846
863
847
847
1327
4686
852
856
865
853
864
1336
855
858
866
1338
854
857
1339
853
854
855
869
855
861
1342
860
4689
861
863
4690
862
4691
861
862
863
863
4695
868
881
1345
869
883
4704
871
1346
4706
870
882
1347
4707
869
870
887
871
871
1351
4710
876
880
889
877
888
1360
879
882
890
1362
878
881
1363
877
878
879
893
879
885
1366
884
4713
885
887
4714
886
4715
885
886
887
887
4719
892
905
1369
893
907
4728
895
1370
4730
894
906
1371
4731
893
894
911
895
895
1375
4734
900
904
913
901
912
1384
903
906
914
1386
902
905
1387
901
902
903
917
903
909
1390
908
4737
909
911
4738
910
4739
909
910
911
911
4743
916
929
1393
917
931
4752
919
1394
4754
918
930
1395
4755
917
918
935
919
919
1399
4758
924
928
937
925
936
1408
927
930
938
1410
926
929
1411
925
926
927
941
927
933
1414
932
4761
933
935
4762
934
4763
933
934
935
935
4767
940
953
1417
941
955
4776
943
1418
4778
942
954
1419
4779
941
942
959
943
943
1423
4782
948
952
949
1432
951
954
1434
950
953
1435
949
950
951
951
957
1438
956
4785
957
959
4786
958
4787
957
958
959
959
4791
964
977
5777
965
979
967
5779
966
978
5776
965
966
983
967
967
5780
972
976
985
973
984
5769
975
978
986
5768
974
977
5771
973
974
975
989
975
981
5772
980
981
983
982
981
982
983
983
988
1001
5801
989
1003
991
5803
990
1002
5800
989
990
1007
991
991
5804
996
1000
1009
997
1008
5793
999
1002
1010
5792
998
1001
5795
997
998
999
1013
999
1005
5796
1004
1005
1007
1006
1005
1006
1007
1007
1012
1025
5825
1013
1027
1015
5827
1014
1026
5824
1013
1014
1031
1015
1015
5828
1020
1024
1033
1021
1032
5817
1023
1026
1034
5816
1022
1025
5819
1021
1022
1023
1037
1023
1029
5820
1028
1029
1031
1030
1029
1030
1031
1031
1036
1049
5849
1037
1051
1039
5851
1038
1050
5848
1037
1038
1055
1039
1039
5852
1044
1048
1057
1045
1056
5841
1047
1050
1058
5840
1046
1049
5843
1045
1046
1047
1061
1047
1053
5844
1052
1053
1055
1054
1053
1054
1055
1055
1060
1073
5873
1061
1075
1063
5875
1062
1074
5872
1061
1062
1079
1063
1063
5876
1068
1072
1081
1069
1080
5865
1071
1074
1082
5864
1070
1073
5867
1069
1070
1071
1085
1071
1077
5868
1076
1077
1079
1078
1077
1078
1079
1079
1084
1097
5897
1085
1099
1087
5899
1086
1098
5896
1085
1086
1103
1087
1087
5900
1092
1096
1105
1093
1104
5889
1095
1098
1106
5888
1094
1097
5891
1093
1094
1095
1109
1095
1101
5892
1100
1101
1103
1102
1101
1102
1103
1103
1108
1121
5921
1109
1123
1111
5923
1110
1122
5920
1109
1110
1127
1111
1111
5924
1116
1120
1129
1117
1128
5913
1119
1122
1130
5912
1118
1121
5915
1117
1118
1119
1133
1119
1125
5916
1124
1125
1127
1126
1125
1126
1127
1127
1132
1145
5945
1133
1147
1135
5947
1134
1146
5944
1133
1134
1151
1135
1135
5948
1140
1144
1153
1141
1152
5937
1143
1146
1154
5936
1142
1145
5939
1141
1142
1143
1157
1143
1149
5940
1148
1149
1151
1150
1149
1150
1151
1151
1156
1169
5969
1157
1171
1159
5971
1158
1170
5968
1157
1158
1175
1159
1159
5972
1164
1168
1177
1165
1176
5961
1167
1170
1178
5960
1166
1169
5963
1165
1166
1167
1181
1167
1173
5964
1172
1173
1175
1174
1173
1174
1175
1175
1180
1193
5993
1181
1195
1183
5995
1182
1194
5992
1181
1182
1199
1183
1183
5996
1188
1192
1201
1189
1200
5985
1191
1194
1202
5984
1190
1193
5987
1189
1190
1191
1205
1191
1197
5988
1196
1197
1199
1198
1197
1198
1199
1199
1204
1217
6017
1205
1219
1207
6019
1206
1218
6016
1205
1206
1223
1207
1207
6020
1212
1216
1225
1213
1224
6009
1215
1218
1226
6008
1214
1217
6011
1213
1214
1215
1229
1215
1221
6012
1220
1221
1223
1222
1221
1222
1223
1223
1228
1241
6041
1229
1243
1231
6043
1230
1242
6040
1229
1230
1247
1231
1231
6044
1236
1240
1249
1237
1248
6033
1239
1242
1250
6032
1238
1241
6035
1237
1238
1239
1253
1239
1245
6036
1244
1245
1247
1246
1245
1246
1247
1247
1252
1265
6065
1253
1267
1255
6067
1254
1266
6064
1253
1254
1271
1255
1255
6068
1260
1264
1273
1261
1272
6057
1263
1266
1274
6056
1262
1265
6059
1261
1262
1263
1277
1263
1269
6060
1268
1269
1271
1270
1269
1270
1271
1271
1276
1289
6089
1277
1291
1279
6091
1278
1290
6088
1277
1278
1295
1279
1279
6092
1284
1288
1297
1285
1296
6081
1287
1290
1298
6080
1286
1289
6083
1285
1286
1287
1301
1287
1293
6084
1292
1293
1295
1294
1293
1294
1295
1295
1300
1313
6113
1301
1315
1303
6115
1302
1314
6112
1301
1302
1319
1303
1303
6116
1308
1312
1321
1309
1320
6105
1311
1314
1322
6104
1310
1313
6107
1309
1310
1311
1325
1311
1317
6108
1316
1317
1319
1318
1317
1318
1319
1319
1324
1337
6137
1325
1339
1327
6139
1326
1338
6136
1325
1326
1343
1327
1327
6140
1332
1336
1345
1333
1344
6129
1335
1338
1346
6128
1334
1337
6131
1333
1334
1335
1349
1335
1341
6132
1340
1341
1343
1342
1341
1342
1343
1343
1348
1361
6161
1349
1363
1351
6163
1350
1362
6160
1349
1350
1367
1351
1351
6164
1356
1360
1369
1357
1368
6153
1359
1362
1370
6152
1358
1361
6155
1357
1358
1359
1373
1359
1365
6156
1364
1365
1367
1366
1365
1366
1367
1367
1372
1385
6185
1373
1387
1375
6187
1374
1386
6184
1373
1374
1391
1375
1375
6188
1380
1384
1393
1381
1392
6177
1383
1386
1394
6176
1382
1385
6179
1381
1382
1383
1397
1383
1389
6180
1388
1389
1391
1390
1389
1390
1391
1391
1396
1409
6209
1397
1411
1399
6211
1398
1410
6208
1397
1398
1415
1399
1399
6212
1404
1408
1417
1405
1416
6201
1407
1410
1418
6200
1406
1409
6203
1405
1406
1407
1421
1407
1413
6204
1412
1413
1415
1414
1413
1414
1415
1415
1420
1433
6233
1421
1435
1423
6235
1422
1434
6232
1421
1422
1439
1423
1423
6236
1428
1432
1429
6225
1431
1434
6224
1430
1433
6227
1429
1430
1431
1431
1437
6228
1436
1437
1439
1438
1437
1438
1439
1439
1444
1457
6241
1445
1459
1447
6242
1446
1458
6243
1445
1446
1463
1447
1447
6247
1452
1456
1465
1453
1464
6248
1455
1458
1466
6250
1454
1457
6251
1453
1454
1455
1469
1455
1461
6254
1460
1461
1463
1462
1461
1462
1463
1463
1468
1481
6265
1469
1483
1471
6266
1470
1482
6267
1469
1470
1487
1471
1471
6271
1476
1480
1489
1477
1488
6272
1479
1482
1490
6274
1478
1481
6275
1477
1478
1479
1493
1479
1485
6278
1484
1485
1487
1486
1485
1486
1487
1487
1492
1505
6289
1493
1507
1495
6290
1494
1506
6291
1493
1494
1511
1495
1495
6295
1500
1504
1513
1501
1512
6296
1503
1506
1514
6298
1502
1505
6299
1501
1502
1503
1517
1503
1509
6302
1508
1509
1511
1510
1509
1510
1511
1511
1516
1529
6313
1517
1531
1519
6314
1518
1530
6315
1517
1518
1535
1519
1519
6319
1524
1528
1537
1525
1536
6320
1527
1530
1538
6322
1526
1529
6323
1525
1526
1527
1541
1527
1533
6326
1532
1533
1535
1534
1533
1534
1535
1535
1540
1553
6337
1541
1555
1543
6338
1542
1554
6339
1541
1542
1559
1543
1543
6343
1548
1552
1561
1549
1560
6344
1551
1554
1562
6346
1550
1553
6347
1549
1550
1551
1565
1551
1557
6350
1556
1557
1559
1558
1557
1558
1559
1559
1564
1577
6361
1565
1579
1567
6362
1566
1578
6363
1565
1566
1583
1567
1567
6367
1572
1576
1585
1573
1584
6368
1575
1578
1586
6370
1574
1577
6371
1573
1574
1575
1589
1575
1581
6374
1580
1581
1583
1582
1581
1582
1583
1583
1588
1601
6385
1589
1603
1591
6386
1590
1602
6387
1589
1590
1607
1591
1591
6391
1596
1600
1609
1597
1608
6392
1599
1602
1610
6394
1598
1601
6395
1597
1598
1599
1613
1599
1605
6398
1604
1605
1607
1606
1605
1606
1607
1607
1612
1625
6409
1613
1627
1615
6410
1614
1626
6411
1613
1614
1631
1615
1615
6415
1620
1624
1633
1621
1632
6416
1623
1626
1634
6418
1622
1625
6419
1621
1622
1623
1637
1623
1629
6422
1628
1629
1631
1630
1629
1630
1631
1631
1636
1649
6433
1637
1651
1639
6434
1638
1650
6435
1637
1638
1655
1639
1639
6439
1644
1648
1657
1645
1656
6440
1647
1650
1658
6442
1646
1649
6443
1645
1646
1647
1661
1647
1653
6446
1652
1653
1655
1654
1653
1654
1655
1655
1660
1673
6457
1661
1675
1663
6458
1662
1674
6459
1661
1662
1679
1663
1663
6463
1668
1672
1681
1669
1680
6464
1671
1674
1682
6466
1670
1673
6467
1669
1670
1671
1685
1671
1677
6470
1676
1677
1679
1678
1677
1678
1679
1679
1684
1697
6481
1685
1699
1687
6482
1686
1698
6483
1685
1686
1703
1687
1687
6487
1692
1696
1705
1693
1704
6488
1695
1698
1706
6490
1694
1697
6491
1693
1694
1695
1709
1695
1701
6494
1700
1701
1703
1702
1701
1702
1703
1703
1708
1721
6505
1709
1723
1711
6506
1710
1722
6507
1709
1710
1727
1711
1711
6511
1716
1720
1729
1717
1728
6512
1719
1722
1730
6514
1718
1721
6515
1717
1718
1719
1733
1719
1725
6518
1724
1725
1727
1726
1725
1726
1727
1727
1732
1745
6529
1733
1747
1735
6530
1734
1746
6531
1733
1734
1751
1735
1735
6535
1740
1744
1753
1741
1752
6536
1743
1746
1754
6538
1742
1745
6539
1741
1742
1743
1757
1743
1749
6542
1748
1749
1751
1750
1749
1750
1751
1751
1756
1769
6553
1757
1771
1759
6554
1758
1770
6555
1757
1758
1775
1759
1759
6559
1764
1768
1777
1765
1776
6560
1767
1770
1778
6562
1766
1769
6563
1765
1766
1767
1781
1767
1773
6566
1772
1773
1775
1774
1773
1774
1775
1775
1780
1793
6577
1781
1795
1783
6578
1782
1794
6579
1781
1782
1799
1783
1783
6583
1788
1792
1801
1789
1800
6584
1791
1794
1802
6586
1790
1793
6587
1789
1790
1791
1805
1791
1797
6590
1796
1797
1799
1798
1797
1798
1799
1799
1804
1817
6601
1805
1819
1807
6602
1806
1818
6603
1805
1806
1823
1807
1807
6607
1812
1816
1825
1813
1824
6608
1815
1818
1826
6610
1814
1817
6611
1813
1814
1815
1829
1815
1821
6614
1820
1821
1823
1822
1821
1822
1823
1823
1828
1841
6625
1829
1843
1831
6626
1830
1842
6627
1829
1830
1847
1831
1831
6631
1836
1840
1849
1837
1848
6632
1839
1842
1850
6634
1838
1841
6635
1837
1838
1839
1853
1839
1845
6638
1844
1845
1847
1846
1845
1846
1847
1847
1852
1865
6649
1853
1867
1855
6650
1854
1866
6651
1853
1854
1871
1855
1855
6655
1860
1864
1873
1861
1872
6656
1863
1866
1874
6658
1862
1865
6659
1861
1862
1863
1877
1863
1869
6662
1868
1869
1871
1870
1869
1870
1871
1871
1876
1889
6673
1877
1891
1879
6674
1878
1890
6675
1877
1878
1895
1879
1879
6679
1884
1888
1897
1885
1896
6680
1887
1890
1898
6682
1886
1889
6683
1885
1886
1887
1901
1887
1893
6686
1892
1893
1895
1894
1893
1894
1895
1895
1900
1913
6697
1901
1915
1903
6698
1902
1914
6699
1901
1902
1919
1903
1903
6703
1908
1912
1909
6704
1911
1914
6706
1910
1913
6707
1909
1910
1911
1911
1917
6710
1916
1917
1919
1918
1917
1918
1919
1919
1924
1937
3841
1925
1939
2400
1927
2402
3842
1926
1938
2403
3843
1925
1926
1943
1927
1927
3847
2406
1932
1936
1945
1933
1944
3848
1935
1938
1946
3850
1934
1937
3851
1933
1934
1935
1949
1935
1941
3854
1940
2409
1941
1943
2410
1942
2411
1941
1942
1943
1943
2415
1948
1961
3865
1949
1963
2424
1951
2426
3866
1950
1962
2427
3867
1949
1950
1967
1951
1951
3871
2430
1956
1960
1969
1957
1968
3872
1959
1962
1970
3874
1958
1961
3875
1957
1958
1959
1973
1959
1965
3878
1964
2433
1965
1967
2434
1966
2435
1965
1966
1967
1967
2439
1972
1985
3889
1973
1987
2448
1975
2450
3890
1974
1986
2451
3891
1973
1974
1991
1975
1975
3895
2454
1980
1984
1993
1981
1992
3896
1983
1986
1994
3898
1982
1985
3899
1981
1982
1983
1997
1983
1989
3902
1988
2457
1989
1991
2458
1990
2459
1989
1990
1991
1991
2463
1996
2009
3913
1997
2011
2472
1999
2474
3914
1998
2010
2475
3915
1997
1998
2015
1999
1999
3919
2478
2004
2008
2017
2005
2016
3920
2007
2010
2018
3922
2006
2009
3923
2005
2006
2007
2021
2007
2013
3926
2012
2481
2013
2015
2482
2014
2483
2013
2014
2015
2015
2487
2020
2033
3937
2021
2035
2496
2023
2498
3938
2022
2034
2499
3939
2021
2022
2039
2023
2023
3943
2502
2028
2032
2041
2029
2040
3944
2031
2034
2042
3946
2030
2033
3947
2029
2030
2031
2045
2031
2037
3950
2036
2505
2037
2039
2506
2038
2507
2037
2038
2039
2039
2511
2044
2057
3961
2045
2059
2520
2047
2522
3962
2046
2058
2523
3963
2045
2046
2063
2047
2047
3967
2526
2052
2056
2065
2053
2064
3968
2055
2058
2066
3970
2054
2057
3971
2053
2054
2055
2069
2055
2061
3974
2060
2529
2061
2063
2530
2062
2531
2061
2062
2063
2063
2535
2068
2081
3985
2069
2083
2544
2071
2546
3986
2070
2082
2547
3987
2069
2070
2087
2071
2071
3991
2550
2076
2080
2089
2077
2088
3992
2079
2082
2090
3994
2078
2081
3995
2077
2078
2079
2093
2079
2085
3998
2084
2553
2085
2087
2554
2086
2555
2085
2086
2087
2087
2559
2092
2105
4009
2093
2107
2568
2095
2570
4010
2094
2106
2571
4011
2093
2094
2111
2095
2095
4015
2574
2100
2104
2113
2101
2112
4016
2103
2106
2114
4018
2102
2105
4019
2101
2102
2103
2117
2103
2109
4022
2108
2577
2109
2111
2578
2110
2579
2109
2110
2111
2111
2583
2116
2129
4033
2117
2131
2592
2119
2594
4034
2118
2130
2595
4035
2117
2118
2135
2119
2119
4039
2598
2124
2128
2137
2125
2136
4040
2127
2130
2138
4042
2126
2129
4043
2125
2126
2127
2141
2127
2133
4046
2132
2601
2133
2135
2602
2134
2603
2133
2134
2135
2135
2607
2140
2153
4057
2141
2155
2616
2143
2618
4058
2142
2154
2619
4059
2141
2142
2159
2143
2143
4063
2622
2148
2152
2161
2149
2160
4064
2151
2154
2162
4066
2150
2153
4067
2149
2150
2151
2165
2151
2157
4070
2156
2625
2157
2159
2626
2158
2627
2157
2158
2159
2159
2631
2164
2177
4081
2165
2179
2640
2167
2642
4082
2166
2178
2643
4083
2165
2166
2183
2167
2167
4087
2646
2172
2176
2185
2173
2184
4088
2175
2178
2186
4090
2174
2177
4091
2173
2174
2175
2189
2175
2181
4094
2180
2649
2181
2183
2650
2182
2651
2181
2182
2183
2183
2655
2188
2201
4105
2189
2203
2664
2191
2666
4106
2190
2202
2667
4107
2189
2190
2207
2191
2191
4111
2670
2196
2200
2209
2197
2208
4112
2199
2202
2210
4114
2198
2201
4115
2197
2198
2199
2213
2199
2205
4118
2204
2673
2205
2207
2674
2206
2675
2205
2206
2207
2207
2679
2212
2225
4129
2213
2227
2688
2215
2690
4130
2214
2226
2691
4131
2213
2214
2231
2215
2215
4135
2694
2220
2224
2233
2221
2232
4136
2223
2226
2234
4138
2222
2225
4139
2221
2222
2223
2237
2223
2229
4142
2228
2697
2229
2231
2698
2230
2699
2229
2230
2231
2231
2703
2236
2249
4153
2237
2251
2712
2239
2714
4154
2238
2250
2715
4155
2237
2238
2255
2239
2239
4159
2718
2244
2248
2257
2245
2256
4160
2247
2250
2258
4162
2246
2249
4163
2245
2246
2247
2261
2247
2253
4166
2252
2721
2253
2255
2722
2254
2723
2253
2254
2255
2255
2727
2260
2273
4177
2261
2275
2736
2263
2738
4178
2262
2274
2739
4179
2261
2262
2279
2263
2263
4183
2742
2268
2272
2281
2269
2280
4184
2271
2274
2282
4186
2270
2273
4187
2269
2270
2271
2285
2271
2277
4190
2276
2745
2277
2279
2746
2278
2747
2277
2278
2279
2279
2751
2284
2297
4201
2285
2299
2760
2287
2762
4202
2286
2298
2763
4203
2285
2286
2303
2287
2287
4207
2766
2292
2296
2305
2293
2304
4208
2295
2298
2306
4210
2294
2297
4211
2293
2294
2295
2309
2295
2301
4214
2300
2769
2301
2303
2770
2302
2771
2301
2302
2303
2303
2775
2308
2321
4225
2309
2323
2784
2311
2786
4226
2310
2322
2787
4227
2309
2310
2327
2311
2311
4231
2790
2316
2320
2329
2317
2328
4232
2319
2322
2330
4234
2318
2321
4235
2317
2318
2319
2333
2319
2325
4238
2324
2793
2325
2327
2794
2326
2795
2325
2326
2327
2327
2799
2332
2345
4249
2333
2347
2808
2335
2810
4250
2334
2346
2811
4251
2333
2334
2351
2335
2335
4255
2814
2340
2344
2353
2341
2352
4256
2343
2346
2354
4258
2342
2345
4259
2341
2342
2343
2357
2343
2349
4262
2348
2817
2349
2351
2818
2350
2819
2349
2350
2351
2351
2823
2356
2369
4273
2357
2371
2832
2359
2834
4274
2358
2370
2835
4275
2357
2358
2375
2359
2359
4279
2838
2364
2368
2377
2365
2376
4280
2367
2370
2378
4282
2366
2369
4283
2365
2366
2367
2381
2367
2373
4286
2372
2841
2373
2375
2842
2374
2843
2373
2374
2375
2375
2847
2380
2393
4297
2381
2395
2856
2383
2858
4298
2382
2394
2859
4299
2381
2382
2399
2383
2383
4303
2862
2388
2392
2389
4304
2391
2394
4306
2390
2393
4307
2389
2390
2391
2391
2397
4310
2396
2865
2397
2399
2866
2398
2867
2397
2398
2399
2399
2871
2404
2417
2405
2419
5760
2407
5762
2406
2418
5763
2405
2406
2423
2407
2407
5766
2412
2416
2425
2413
2424
2415
2418
2426
2414
2417
2413
2414
2415
2429
2415
2421
2420
5769
2421
2423
5770
2422
5771
2421
2422
2423
2423
5775
2428
2441
2429
2443
5784
2431
5786
2430
2442
5787
2429
2430
2447
2431
2431
5790
2436
2440
2449
2437
2448
2439
2442
2450
2438
2441
2437
2438
2439
2453
2439
2445
2444
5793
2445
2447
5794
2446
5795
2445
2446
2447
2447
5799
2452
2465
2453
2467
5808
2455
5810
2454
2466
5811
2453
2454
2471
2455
2455
5814
2460
2464
2473
2461
2472
2463
2466
2474
2462
2465
2461
2462
2463
2477
2463
2469
2468
5817
2469
2471
5818
2470
5819
2469
2470
2471
2471
5823
2476
2489
2477
2491
5832
2479
5834
2478
2490
5835
2477
2478
2495
2479
2479
5838
2484
2488
2497
2485
2496
2487
2490
2498
2486
2489
2485
2486
2487
2501
2487
2493
2492
5841
2493
2495
5842
2494
5843
2493
2494
2495
2495
5847
2500
2513
2501
2515
5856
2503
5858
2502
2514
5859
2501
2502
2519
2503
2503
5862
2508
2512
2521
2509
2520
2511
2514
2522
2510
2513
2509
2510
2511
2525
2511
2517
2516
5865
2517
2519
5866
2518
5867
2517
2518
2519
2519
5871
2524
2537
2525
2539
5880
2527
5882
2526
2538
5883
2525
2526
2543
2527
2527
5886
2532
2536
2545
2533
2544
2535
2538
2546
2534
2537
2533
2534
2535
2549
2535
2541
2540
5889
2541
2543
5890
2542
5891
2541
2542
2543
2543
5895
2548
2561
2549
2563
5904
2551
5906
2550
2562
5907
2549
2550
2567
2551
2551
5910
2556
2560
2569
2557
2568
2559
2562
2570
2558
2561
2557
2558
2559
2573
2559
2565
2564
5913
2565
2567
5914
2566
5915
2565
2566
2567
2567
5919
2572
2585
2573
2587
5928
2575
5930
2574
2586
5931
2573
2574
2591
2575
2575
5934
2580
2584
2593
2581
2592
2583
2586
2594
2582
2585
2581
2582
2583
2597
2583
2589
2588
5937
2589
2591
5938
2590
5939
2589
2590
2591
2591
5943
2596
2609
2597
2611
5952
2599
5954
2598
2610
5955
2597
2598
2615
2599
2599
5958
2604
2608
2617
2605
2616
2607
2610
2618
2606
2609
2605
2606
2607
2621
2607
2613
2612
5961
2613
2615
5962
2614
5963
2613
2614
2615
2615
5967
2620
2633
2621
2635
5976
2623
5978
2622
2634
5979
2621
2622
2639
2623
2623
5982
2628
2632
2641
2629
2640
2631
2634
2642
2630
2633
2629
2630
2631
2645
2631
2637
2636
5985
2637
2639
5986
2638
5987
2637
2638
2639
2639
5991
2644
2657
2645
2659
6000
2647
6002
2646
2658
6003
2645
2646
2663
2647
2647
6006
2652
2656
2665
2653
2664
2655
2658
2666
2654
2657
2653
2654
2655
2669
2655
2661
2660
6009
2661
2663
6010
2662
6011
2661
2662
2663
2663
6015
2668
2681
2669
2683
6024
2671
6026
2670
2682
6027
2669
2670
2687
2671
2671
6030
2676
2680
2689
2677
2688
2679
2682
2690
2678
2681
2677
2678
2679
2693
2679
2685
2684
6033
2685
2687
6034
2686
6035
2685
2686
2687
2687
6039
2692
2705
2693
2707
6048
2695
6050
2694
2706
6051
2693
2694
2711
2695
2695
6054
2700
2704
2713
2701
2712
2703
2706
2714
2702
2705
2701
2702
2703
2717
2703
2709
2708
6057
2709
2711
6058
2710
6059
2709
2710
2711
2711
6063
2716
2729
2717
2731
6072
2719
6074
2718
2730
6075
2717
2718
2735
2719
2719
6078
2724
2728
2737
2725
2736
2727
2730
2738
2726
2729
2725
2726
2727
2741
2727
2733
2732
6081
2733
2735
6082
2734
6083
2733
2734
2735
2735
6087
2740
2753
2741
2755
6096
2743
6098
2742
2754
6099
2741
2742
2759
2743
2743
6102
2748
2752
2761
2749
2760
2751
2754
2762
2750
2753
2749
2750
2751
2765
2751
2757
2756
6105
2757
2759
6106
2758
6107
2757
2758
2759
2759
6111
2764
2777
2765
2779
6120
2767
6122
2766
2778
6123
2765
2766
2783
2767
2767
6126
2772
2776
2785
2773
2784
2775
2778
2786
2774
2777
2773
2774
2775
2789
2775
2781
2780
6129
2781
2783
6130
2782
6131
2781
2782
2783
2783
6135
2788
2801
2789
2803
6144
2791
6146
2790
2802
6147
2789
2790
2807
2791
2791
6150
2796
2800
2809
2797
2808
2799
2802
2810
2798
2801
2797
2798
2799
2813
2799
2805
2804
6153
2805
2807
6154
2806
6155
2805
2806
2807
2807
6159
2812
2825
2813
2827
6168
2815
6170
2814
2826
6171
2813
2814
2831
2815
2815
6174
2820
2824
2833
2821
2832
2823
2826
2834
2822
2825
2821
2822
2823
2837
2823
2829
2828
6177
2829
2831
6178
2830
6179
2829
2830
2831
2831
6183
2836
2849
2837
2851
6192
2839
6194
2838
2850
6195
2837
2838
2855
2839
2839
6198
2844
2848
2857
2845
2856
2847
2850
2858
2846
2849
2845
2846
2847
2861
2847
2853
2852
6201
2853
2855
6202
2854
6203
2853
2854
2855
2855
6207
2860
2873
2861
2875
6216
2863
6218
2862
2874
6219
2861
2862
2879
2863
2863
6222
2868
2872
2869
2871
2874
2870
2873
2869
2870
2871
2871
2877
2876
6225
2877
2879
6226
2878
6227
2877
2878
2879
2879
6231
2884
2897
4337
2885
2899
3360
2887
3362
4339
2886
2898
3363
4336
2885
2886
2903
2887
2887
4340
3366
2892
2896
2905
2893
2904
4329
2895
2898
2906
4328
2894
2897
4331
2893
2894
2895
2909
2895
2901
4332
2900
3369
2901
2903
3370
2902
3371
2901
2902
2903
2903
3375
2908
2921
4361
2909
2923
3384
2911
3386
4363
2910
2922
3387
4360
2909
2910
2927
2911
2911
4364
3390
2916
2920
2929
2917
2928
4353
2919
2922
2930
4352
2918
2921
4355
2917
2918
2919
2933
2919
2925
4356
2924
3393
2925
2927
3394
2926
3395
2925
2926
2927
2927
3399
2932
2945
4385
2933
2947
3408
2935
3410
4387
2934
2946
3411
4384
2933
2934
2951
2935
2935
4388
3414
2940
2944
2953
2941
2952
4377
2943
2946
2954
4376
2942
2945
4379
2941
2942
2943
2957
2943
2949
4380
2948
3417
2949
2951
3418
2950
3419
2949
2950
2951
2951
3423
2956
2969
4409
2957
2971
3432
2959
3434
4411
2958
2970
3435
4408
2957
2958
2975
2959
2959
4412
3438
2964
2968
2977
2965
2976
4401
2967
2970
2978
4400
2966
2969
4403
2965
2966
2967
2981
2967
2973
4404
2972
3441
2973
2975
3442
2974
3443
2973
2974
2975
2975
3447
2980
2993
4433
2981
2995
3456
2983
3458
4435
2982
2994
3459
4432
2981
2982
2999
2983
2983
4436
3462
2988
2992
3001
2989
3000
4425
2991
2994
3002
4424
2990
2993
4427
2989
2990
2991
3005
2991
2997
4428
2996
3465
2997
2999
3466
2998
3467
2997
2998
2999
2999
3471
3004
3017
4457
3005
3019
3480
3007
3482
4459
3006
3018
3483
4456
3005
3006
3023
3007
3007
4460
3486
3012
3016
3025
3013
3024
4449
3015
3018
3026
4448
3014
3017
4451
3013
3014
3015
3029
3015
3021
4452
3020
3489
3021
3023
3490
3022
3491
3021
3022
3023
3023
3495
3028
3041
4481
3029
3043
3504
3031
3506
4483
3030
3042
3507
4480
3029
3030
3047
3031
3031
4484
3510
3036
3040
3049
3037
3048
4473
3039
3042
3050
4472
3038
3041
4475
3037
3038
3039
3053
3039
3045
4476
3044
3513
3045
3047
3514
3046
3515
3045
3046
3047
3047
3519
3052
3065
4505
3053
3067
3528
3055
3530
4507
3054
3066
3531
4504
3053
3054
3071
3055
3055
4508
3534
3060
3064
3073
3061
3072
4497
3063
3066
3074
4496
3062
3065
4499
3061
3062
3063
3077
3063
3069
4500
3068
3537
3069
3071
3538
3070
3539
3069
3070
3071
3071
3543
3076
3089
4529
3077
3091
3552
3079
3554
4531
3078
3090
3555
4528
3077
3078
3095
3079
3079
4532
3558
3084
3088
3097
3085
3096
4521
3087
3090
3098
4520
3086
3089
4523
3085
3086
3087
3101
3087
3093
4524
3092
3561
3093
3095
3562
3094
3563
3093
3094
3095
3095
3567
3100
3113
4553
3101
3115
3576
3103
3578
4555
3102
3114
3579
4552
3101
3102
3119
3103
3103
4556
3582
3108
3112
3121
3109
3120
4545
3111
3114
3122
4544
3110
3113
4547
3109
3110
3111
3125
3111
3117
4548
3116
3585
3117
3119
3586
3118
3587
3117
3118
3119
3119
3591
3124
3137
4577
3125
3139
3600
3127
3602
4579
3126
3138
3603
4576
3125
3126
3143
3127
3127
4580
3606
3132
3136
3145
3133
3144
4569
3135
3138
3146
4568
3134
3137
4571
3133
3134
3135
3149
3135
3141
4572
3140
3609
3141
3143
3610
3142
3611
3141
3142
3143
3143
3615
3148
3161
4601
3149
3163
3624
3151
3626
4603
3150
3162
3627
4600
3149
3150
3167
3151
3151
4604
3630
3156
3160
3169
3157
3168
4593
3159
3162
3170
4592
3158
3161
4595
3157
3158
3159
3173
3159
3165
4596
3164
3633
3165
3167
3634
3166
3635
3165
3166
3167
3167
3639
3172
3185
4625
3173
3187
3648
3175
3650
4627
3174
3186
3651
4624
3173
3174
3191
3175
3175
4628
3654
3180
3184
3193
3181
3192
4617
3183
3186
3194
4616
3182
3185
4619
3181
3182
3183
3197
3183
3189
4620
3188
3657
3189
3191
3658
3190
3659
3189
3190
3191
3191
3663
3196
3209
4649
3197
3211
3672
3199
3674
4651
3198
3210
3675
4648
3197
3198
3215
3199
3199
4652
3678
3204
3208
3217
3205
3216
4641
3207
3210
3218
4640
3206
3209
4643
3205
3206
3207
3221
3207
3213
4644
3212
3681
3213
3215
3682
3214
3683
3213
3214
3215
3215
3687
3220
3233
4673
3221
3235
3696
3223
3698
4675
3222
3234
3699
4672
3221
3222
3239
3223
3223
4676
3702
3228
3232
3241
3229
3240
4665
3231
3234
3242
4664
3230
3233
4667
3229
3230
3231
3245
3231
3237
4668
3236
3705
3237
3239
3706
3238
3707
3237
3238
3239
3239
3711
3244
3257
4697
3245
3259
3720
3247
3722
4699
3246
3258
3723
4696
3245
3246
3263
3247
3247
4700
3726
3252
3256
3265
3253
3264
4689
3255
3258
3266
4688
3254
3257
4691
3253
3254
3255
3269
3255
3261
4692
3260
3729
3261
3263
3730
3262
3731
3261
3262
3263
3263
3735
3268
3281
4721
3269
3283
3744
3271
3746
4723
3270
3282
3747
4720
3269
3270
3287
3271
3271
4724
3750
3276
3280
3289
3277
3288
4713
3279
3282
3290
4712
3278
3281
4715
3277
3278
3279
3293
3279
3285
4716
3284
3753
3285
3287
3754
3286
3755
3285
3286
3287
3287
3759
3292
3305
4745
3293
3307
3768
3295
3770
4747
3294
3306
3771
4744
3293
3294
3311
3295
3295
4748
3774
3300
3304
3313
3301
3312
4737
3303
3306
3314
4736
3302
3305
4739
3301
3302
3303
3317
3303
3309
4740
3308
3777
3309
3311
3778
3310
3779
3309
3310
3311
3311
3783
3316
3329
4769
3317
3331
3792
3319
3794
4771
3318
3330
3795
4768
3317
3318
3335
3319
3319
4772
3798
3324
3328
3337
3325
3336
4761
3327
3330
3338
4760
3326
3329
4763
3325
3326
3327
3341
3327
3333
4764
3332
3801
3333
3335
3802
3334
3803
3333
3334
3335
3335
3807
3340
3353
4793
3341
3355
3816
3343
3818
4795
3342
3354
3819
4792
3341
3342
3359
3343
3343
4796
3822
3348
3352
3349
4785
3351
3354
4784
3350
3353
4787
3349
3350
3351
3351
3357
4788
3356
3825
3357
3359
3826
3358
3827
3357
3358
3359
3359
3831
3364
3377
3365
3379
6256
3367
6257
3366
3378
6258
3365
3366
3383
3367
3367
6261
3372
3376
3385
3373
3384
3375
3378
3386
3374
3377
3373
3374
3375
3389
3375
3381
3380
6248
3381
3383
6249
3382
6251
3381
3382
3383
3383
6252
3388
3401
3389
3403
6280
3391
6281
3390
3402
6282
3389
3390
3407
3391
3391
6285
3396
3400
3409
3397
3408
3399
3402
3410
3398
3401
3397
3398
3399
3413
3399
3405
3404
6272
3405
3407
6273
3406
6275
3405
3406
3407
3407
6276
3412
3425
3413
3427
6304
3415
6305
3414
3426
6306
3413
3414
3431
3415
3415
6309
3420
3424
3433
3421
3432
3423
3426
3434
3422
3425
3421
3422
3423
3437
3423
3429
3428
6296
3429
3431
6297
3430
6299
3429
3430
3431
3431
6300
3436
3449
3437
3451
6328
3439
6329
3438
3450
6330
3437
3438
3455
3439
3439
6333
3444
3448
3457
3445
3456
3447
3450
3458
3446
3449
3445
3446
3447
3461
3447
3453
3452
6320
3453
3455
6321
3454
6323
3453
3454
3455
3455
6324
3460
3473
3461
3475
6352
3463
6353
3462
3474
6354
3461
3462
3479
3463
3463
6357
3468
3472
3481
3469
3480
3471
3474
3482
3470
3473
3469
3470
3471
3485
3471
3477
3476
6344
3477
3479
6345
3478
6347
3477
3478
3479
3479
6348
3484
3497
3485
3499
6376
3487
6377
3486
3498
6378
3485
3486
3503
3487
3487
6381
3492
3496
3505
3493
3504
3495
3498
3506
3494
3497
3493
3494
3495
3509
3495
3501
3500
6368
3501
3503
6369
3502
6371
3501
3502
3503
3503
6372
3508
3521
3509
3523
6400
3511
6401
3510
3522
6402
3509
3510
3527
3511
3511
6405
3516
3520
3529
3517
3528
3519
3522
3530
3518
3521
3517
3518
3519
3533
3519
3525
3524
6392
3525
3527
6393
3526
6395
3525
3526
3527
3527
6396
3532
3545
3533
3547
6424
3535
6425
3534
3546
6426
3533
3534
3551
3535
3535
6429
3540
3544
3553
3541
3552
3543
3546
3554
3542
3545
3541
3542
3543
3557
3543
3549
3548
6416
3549
3551
6417
3550
6419
3549
3550
3551
3551
6420
3556
3569
3557
3571
6448
3559
6449
3558
3570
6450
3557
3558
3575
3559
3559
6453
3564
3568
3577
3565
3576
3567
3570
3578
3566
3569
3565
3566
3567
3581
3567
3573
3572
6440
3573
3575
6441
3574
6443
3573
3574
3575
3575
6444
3580
3593
3581
3595
6472
3583
6473
3582
3594
6474
3581
3582
3599
3583
3583
6477
3588
3592
3601
3589
3600
3591
3594
3602
3590
3593
3589
3590
3591
3605
3591
3597
3596
6464
3597
3599
6465
3598
6467
3597
3598
3599
3599
6468
3604
3617
3605
3619
6496
3607
6497
3606
3618
6498
3605
3606
3623
3607
3607
6501
3612
3616
3625
3613
3624
3615
3618
3626
3614
3617
3613
3614
3615
3629
3615
3621
3620
6488
3621
3623
6489
3622
6491
3621
3622
3623
3623
6492
3628
3641
3629
3643
6520
3631
6521
3630
3642
6522
3629
3630
3647
3631
3631
6525
3636
3640
3649
3637
3648
3639
3642
3650
3638
3641
3637
3638
3639
3653
3639
3645
3644
6512
3645
3647
6513
3646
6515
3645
3646
3647
3647
6516
3652
3665
3653
3667
6544
3655
6545
3654
3666
6546
3653
3654
3671
3655
3655
6549
3660
3664
3673
3661
3672
3663
3666
3674
3662
3665
3661
3662
3663
3677
3663
3669
3668
6536
3669
3671
6537
3670
6539
3669
3670
3671
3671
6540
3676
3689
3677
3691
6568
3679
6569
3678
3690
6570
3677
3678
3695
3679
3679
6573
3684
3688
3697
3685
3696
3687
3690
3698
3686
3689
3685
3686
3687
3701
3687
3693
3692
6560
3693
3695
6561
3694
6563
3693
3694
3695
3695
6564
3700
3713
3701
3715
6592
3703
6593
3702
3714
6594
3701
3702
3719
3703
3703
6597
3708
3712
3721
3709
3720
3711
3714
3722
3710
3713
3709
3710
3711
3725
3711
3717
3716
6584
3717
3719
6585
3718
6587
3717
3718
3719
3719
6588
3724
3737
3725
3739
6616
3727
6617
3726
3738
6618
3725
3726
3743
3727
3727
6621
3732
3736
3745
3733
3744
3735
3738
3746
3734
3737
3733
3734
3735
3749
3735
3741
3740
6608
3741
3743
6609
3742
6611
3741
3742
3743
3743
6612
3748
3761
3749
3763
6640
3751
6641
3750
3762
6642
3749
3750
3767
3751
3751
6645
3756
3760
3769
3757
3768
3759
3762
3770
3758
3761
3757
3758
3759
3773
3759
3765
3764
6632
3765
3767
6633
3766
6635
3765
3766
3767
3767
6636
3772
3785
3773
3787
6664
3775
6665
3774
3786
6666
3773
3774
3791
3775
3775
6669
3780
3784
3793
3781
3792
3783
3786
3794
3782
3785
3781
3782
3783
3797
3783
3789
3788
6656
3789
3791
6657
3790
6659
3789
3790
3791
3791
6660
3796
3809
3797
3811
6688
3799
6689
3798
3810
6690
3797
3798
3815
3799
3799
6693
3804
3808
3817
3805
3816
3807
3810
3818
3806
3809
3805
3806
3807
3821
3807
3813
3812
6680
3813
3815
6681
3814
6683
3813
3814
3815
3815
6684
3820
3833
3821
3835
6712
3823
6713
3822
3834
6714
3821
3822
3839
3823
3823
6717
3828
3832
3829
3831
3834
3830
3833
3829
3830
3831
3831
3837
3836
6704
3837
3839
6705
3838
6707
3837
3838
3839
3839
6708
3844
3857
5281
3845
3856
3847
5282
3846
3859
5283
3845
3846
3860
3847
3847
5287
3852
3865
3853
3858
3864
3855
3859
3866
3854
3856
3853
3854
3855
3869
3855
3862
3860
3861
5299
3863
5296
3862
5298
3861
3862
3863
3863
5302
3868
3881
5305
3869
3880
3871
5306
3870
3883
5307
3869
3870
3884
3871
3871
5311
3876
3889
3877
3882
3888
3879
3883
3890
3878
3880
3877
3878
3879
3893
3879
3886
3884
3885
5323
3887
5320
3886
5322
3885
3886
3887
3887
5326
3892
3905
5329
3893
3904
3895
5330
3894
3907
5331
3893
3894
3908
3895
3895
5335
3900
3913
3901
3906
3912
3903
3907
3914
3902
3904
3901
3902
3903
3917
3903
3910
3908
3909
5347
3911
5344
3910
5346
3909
3910
3911
3911
5350
3916
3929
5353
3917
3928
3919
5354
3918
3931
5355
3917
3918
3932
3919
3919
5359
3924
3937
3925
3930
3936
3927
3931
3938
3926
3928
3925
3926
3927
3941
3927
3934
3932
3933
5371
3935
5368
3934
5370
3933
3934
3935
3935
5374
3940
3953
5377
3941
3952
3943
5378
3942
3955
5379
3941
3942
3956
3943
3943
5383
3948
3961
3949
3954
3960
3951
3955
3962
3950
3952
3949
3950
3951
3965
3951
3958
3956
3957
5395
3959
5392
3958
5394
3957
3958
3959
3959
5398
3964
3977
5401
3965
3976
3967
5402
3966
3979
5403
3965
3966
3980
3967
3967
5407
3972
3985
3973
3978
3984
3975
3979
3986
3974
3976
3973
3974
3975
3989
3975
3982
3980
3981
5419
3983
5416
3982
5418
3981
3982
3983
3983
5422
3988
4001
5425
3989
4000
3991
5426
3990
4003
5427
3989
3990
4004
3991
3991
5431
3996
4009
3997
4002
4008
3999
4003
4010
3998
4000
3997
3998
3999
4013
3999
4006
4004
4005
5443
4007
5440
4006
5442
4005
4006
4007
4007
5446
4012
4025
5449
4013
4024
4015
5450
4014
4027
5451
4013
4014
4028
4015
4015
5455
4020
4033
4021
4026
4032
4023
4027
4034
4022
4024
4021
4022
4023
4037
4023
4030
4028
4029
5467
4031
5464
4030
5466
4029
4030
4031
4031
5470
4036
4049
5473
4037
4048
4039
5474
4038
4051
5475
4037
4038
4052
4039
4039
5479
4044
4057
4045
4050
4056
4047
4051
4058
4046
4048
4045
4046
4047
4061
4047
4054
4052
4053
5491
4055
5488
4054
5490
4053
4054
4055
4055
5494
4060
4073
5497
4061
4072
4063
5498
4062
4075
5499
4061
4062
4076
4063
4063
5503
4068
4081
4069
4074
4080
4071
4075
4082
4070
4072
4069
4070
4071
4085
4071
4078
4076
4077
5515
4079
5512
4078
5514
4077
4078
4079
4079
5518
4084
4097
5521
4085
4096
4087
5522
4086
4099
5523
4085
4086
4100
4087
4087
5527
4092
4105
4093
4098
4104
4095
4099
4106
4094
4096
4093
4094
4095
4109
4095
4102
4100
4101
5539
4103
5536
4102
5538
4101
4102
4103
4103
5542
4108
4121
5545
4109
4120
4111
5546
4110
4123
5547
4109
4110
4124
4111
4111
5551
4116
4129
4117
4122
4128
4119
4123
4130
4118
4120
4117
4118
4119
4133
4119
4126
4124
4125
5563
4127
5560
4126
5562
4125
4126
4127
4127
5566
4132
4145
5569
4133
4144
4135
5570
4134
4147
5571
4133
4134
4148
4135
4135
5575
4140
4153
4141
4146
4152
4143
4147
4154
4142
4144
4141
4142
4143
4157
4143
4150
4148
4149
5587
4151
5584
4150
5586
4149
4150
4151
4151
5590
4156
4169
5593
4157
4168
4159
5594
4158
4171
5595
4157
4158
4172
4159
4159
5599
4164
4177
4165
4170
4176
4167
4171
4178
4166
4168
4165
4166
4167
4181
4167
4174
4172
4173
5611
4175
5608
4174
5610
4173
4174
4175
4175
5614
4180
4193
5617
4181
4192
4183
5618
4182
4195
5619
4181
4182
4196
4183
4183
5623
4188
4201
4189
4194
4200
4191
4195
4202
4190
4192
4189
4190
4191
4205
4191
4198
4196
4197
5635
4199
5632
4198
5634
4197
4198
4199
4199
5638
4204
4217
5641
4205
4216
4207
5642
4206
4219
5643
4205
4206
4220
4207
4207
5647
4212
4225
4213
4218
4224
4215
4219
4226
4214
4216
4213
4214
4215
4229
4215
4222
4220
4221
5659
4223
5656
4222
5658
4221
4222
4223
4223
5662
4228
4241
5665
4229
4240
4231
5666
4230
4243
5667
4229
4230
4244
4231
4231
5671
4236
4249
4237
4242
4248
4239
4243
4250
4238
4240
4237
4238
4239
4253
4239
4246
4244
4245
5683
4247
5680
4246
5682
4245
4246
4247
4247
5686
4252
4265
5689
4253
4264
4255
5690
4254
4267
5691
4253
4254
4268
4255
4255
5695
4260
4273
4261
4266
4272
4263
4267
4274
4262
4264
4261
4262
4263
4277
4263
4270
4268
4269
5707
4271
5704
4270
5706
4269
4270
4271
4271
5710
4276
4289
5713
4277
4288
4279
5714
4278
4291
5715
4277
4278
4292
4279
4279
5719
4284
4297
4285
4290
4296
4287
4291
4298
4286
4288
4285
4286
4287
4301
4287
4294
4292
4293
5731
4295
5728
4294
5730
4293
4294
4295
4295
5734
4300
4313
5737
4301
4312
4303
5738
4302
4315
5739
4301
4302
4316
4303
4303
5743
4308
4309
4314
4311
4315
4310
4312
4309
4310
4311
4311
4318
4316
4317
5755
4319
5752
4318
5754
4317
4318
4319
4319
5758
4324
4337
4325
4339
4816
4327
4817
4326
4338
4818
4325
4326
4343
4327
4327
4821
4332
4336
4345
4333
4344
4335
4338
4346
4334
4337
4333
4334
4335
4349
4335
4341
4340
4808
4341
4343
4809
4342
4811
4341
4342
4343
4343
4812
4348
4361
4349
4363
4840
4351
4841
4350
4362
4842
4349
4350
4367
4351
4351
4845
4356
4360
4369
4357
4368
4359
4362
4370
4358
4361
4357
4358
4359
4373
4359
4365
4364
4832
4365
4367
4833
4366
4835
4365
4366
4367
4367
4836
4372
4385
4373
4387
4864
4375
4865
4374
4386
4866
4373
4374
4391
4375
4375
4869
4380
4384
4393
4381
4392
4383
4386
4394
4382
4385
4381
4382
4383
4397
4383
4389
4388
4856
4389
4391
4857
4390
4859
4389
4390
4391
4391
4860
4396
4409
4397
4411
4888
4399
4889
4398
4410
4890
4397
4398
4415
4399
4399
4893
4404
4408
4417
4405
4416
4407
4410
4418
4406
4409
4405
4406
4407
4421
4407
4413
4412
4880
4413
4415
4881
4414
4883
4413
4414
4415
4415
4884
4420
4433
4421
4435
4912
4423
4913
4422
4434
4914
4421
4422
4439
4423
4423
4917
4428
4432
4441
4429
4440
4431
4434
4442
4430
4433
4429
4430
4431
4445
4431
4437
4436
4904
4437
4439
4905
4438
4907
4437
4438
4439
4439
4908
4444
4457
4445
4459
4936
4447
4937
4446
4458
4938
4445
4446
4463
4447
4447
4941
4452
4456
4465
4453
4464
4455
4458
4466
4454
4457
4453
4454
4455
4469
4455
4461
4460
4928
4461
4463
4929
4462
4931
4461
4462
4463
4463
4932
4468
4481
4469
4483
4960
4471
4961
4470
4482
4962
4469
4470
4487
4471
4471
4965
4476
4480
4489
4477
4488
4479
4482
4490
4478
4481
4477
4478
4479
4493
4479
4485
4484
4952
4485
4487
4953
4486
4955
4485
4486
4487
4487
4956
4492
4505
4493
4507
4984
4495
4985
4494
4506
4986
4493
4494
4511
4495
4495
4989
4500
4504
4513
4501
4512
4503
4506
4514
4502
4505
4501
4502
4503
4517
4503
4509
4508
4976
4509
4511
4977
4510
4979
4509
4510
4511
4511
4980
4516
4529
4517
4531
5008
4519
5009
4518
4530
5010
4517
4518
4535
4519
4519
5013
4524
4528
4537
4525
4536
4527
4530
4538
4526
4529
4525
4526
4527
4541
4527
4533
4532
5000
4533
4535
5001
4534
5003
4533
4534
4535
4535
5004
4540
4553
4541
4555
5032
4543
5033
4542
4554
5034
4541
4542
4559
4543
4543
5037
4548
4552
4561
4549
4560
4551
4554
4562
4550
4553
4549
4550
4551
4565
4551
4557
4556
5024
4557
4559
5025
4558
5027
4557
4558
4559
4559
5028
4564
4577
4565
4579
5056
4567
5057
4566
4578
5058
4565
4566
4583
4567
4567
5061
4572
4576
4585
4573
4584
4575
4578
4586
4574
4577
4573
4574
4575
4589
4575
4581
4580
5048
4581
4583
5049
4582
5051
4581
4582
4583
4583
5052
4588
4601
4589
4603
5080
4591
5081
4590
4602
5082
4589
4590
4607
4591
4591
5085
4596
4600
4609
4597
4608
4599
4602
4610
4598
4601
4597
4598
4599
4613
4599
4605
4604
5072
4605
4607
5073
4606
5075
4605
4606
4607
4607
5076
4612
4625
4613
4627
5104
4615
5105
4614
4626
5106
4613
4614
4631
4615
4615
5109
4620
4624
4633
4621
4632
4623
4626
4634
4622
4625
4621
4622
4623
4637
4623
4629
4628
5096
4629
4631
5097
4630
5099
4629
4630
4631
4631
5100
4636
4649
4637
4651
5128
4639
5129
4638
4650
5130
4637
4638
4655
4639
4639
5133
4644
4648
4657
4645
4656
4647
4650
4658
4646
4649
4645
4646
4647
4661
4647
4653
4652
5120
4653
4655
5121
4654
5123
4653
4654
4655
4655
5124
4660
4673
4661
4675
5152
4663
5153
4662
4674
5154
4661
4662
4679
4663
4663
5157
4668
4672
4681
4669
4680
4671
4674
4682
4670
4673
4669
4670
4671
4685
4671
4677
4676
5144
4677
4679
5145
4678
5147
4677
4678
4679
4679
5148
4684
4697
4685
4699
5176
4687
5177
4686
4698
5178
4685
4686
4703
4687
4687
5181
4692
4696
4705
4693
4704
4695
4698
4706
4694
4697
4693
4694
4695
4709
4695
4701
4700
5168
4701
4703
5169
4702
5171
4701
4702
4703
4703
5172
4708
4721
4709
4723
5200
4711
5201
4710
4722
5202
4709
4710
4727
4711
4711
5205
4716
4720
4729
4717
4728
4719
4722
4730
4718
4721
4717
4718
4719
4733
4719
4725
4724
5192
4725
4727
5193
4726
5195
4725
4726
4727
4727
5196
4732
4745
4733
4747
5224
4735
5225
4734
4746
5226
4733
4734
4751
4735
4735
5229
4740
4744
4753
4741
4752
4743
4746
4754
4742
4745
4741
4742
4743
4757
4743
4749
4748
5216
4749
4751
5217
4750
5219
4749
4750
4751
4751
5220
4756
4769
4757
4771
5248
4759
5249
4758
4770
5250
4757
4758
4775
4759
4759
5253
4764
4768
4777
4765
4776
4767
4770
4778
4766
4769
4765
4766
4767
4781
4767
4773
4772
5240
4773
4775
5241
4774
5243
4773
4774
4775
4775
5244
4780
4793
4781
4795
5272
4783
5273
4782
4794
5274
4781
4782
4799
4783
4783
5277
4788
4792
4789
4791
4794
4790
4793
4789
4790
4791
4791
4797
4796
5264
4797
4799
5265
4798
5267
4797
4798
4799
4799
5268
4804
4817
5297
4805
4816
6240
4807
5299
6242
4806
4819
5296
6243
4805
4806
4820
4807
4807
5300
6246
4812
4825
6258
4813
4818
4824
4815
4819
4826
6259
4814
4816
6257
4813
4814
4815
4829
4815
6263
4822
4820
4821
5291
4823
5289
4822
5288
4821
4822
4823
4823
5292
4828
4841
5321
4829
4840
6264
4831
5323
6266
4830
4843
5320
6267
4829
4830
4844
4831
4831
5324
6270
4836
4849
6282
4837
4842
4848
4839
4843
4850
6283
4838
4840
6281
4837
4838
4839
4853
4839
6287
4846
4844
4845
5315
4847
5313
4846
5312
4845
4846
4847
4847
5316
4852
4865
5345
4853
4864
6288
4855
5347
6290
4854
4867
5344
6291
4853
4854
4868
4855
4855
5348
6294
4860
4873
6306
4861
4866
4872
4863
4867
4874
6307
4862
4864
6305
4861
4862
4863
4877
4863
6311
4870
4868
4869
5339
4871
5337
4870
5336
4869
4870
4871
4871
5340
4876
4889
5369
4877
4888
6312
4879
5371
6314
4878
4891
5368
6315
4877
4878
4892
4879
4879
5372
6318
4884
4897
6330
4885
4890
4896
4887
4891
4898
6331
4886
4888
6329
4885
4886
4887
4901
4887
6335
4894
4892
4893
5363
4895
5361
4894
5360
4893
4894
4895
4895
5364
4900
4913
5393
4901
4912
6336
4903
5395
6338
4902
4915
5392
6339
4901
4902
4916
4903
4903
5396
6342
4908
4921
6354
4909
4914
4920
4911
4915
4922
6355
4910
4912
6353
4909
4910
4911
4925
4911
6359
4918
4916
4917
5387
4919
5385
4918
5384
4917
4918
4919
4919
5388
4924
4937
5417
4925
4936
6360
4927
5419
6362
4926
4939
5416
6363
4925
4926
4940
4927
4927
5420
6366
4932
4945
6378
4933
4938
4944
4935
4939
4946
6379
4934
4936
6377
4933
4934
4935
4949
4935
6383
4942
4940
4941
5411
4943
5409
4942
5408
4941
4942
4943
4943
5412
4948
4961
5441
4949
4960
6384
4951
5443
6386
4950
4963
5440
6387
4949
4950
4964
4951
4951
5444
6390
4956
4969
6402
4957
4962
4968
4959
4963
4970
6403
4958
4960
6401
4957
4958
4959
4973
4959
6407
4966
4964
4965
5435
4967
5433
4966
5432
4965
4966
4967
4967
5436
4972
4985
5465
4973
4984
6408
4975
5467
6410
4974
4987
5464
6411
4973
4974
4988
4975
4975
5468
6414
4980
4993
6426
4981
4986
4992
4983
4987
4994
6427
4982
4984
6425
4981
4982
4983
4997
4983
6431
4990
4988
4989
5459
4991
5457
4990
5456
4989
4990
4991
4991
5460
4996
5009
5489
4997
5008
6432
4999
5491
6434
4998
5011
5488
6435
4997
4998
5012
4999
4999
5492
6438
5004
5017
6450
5005
5010
5016
5007
5011
5018
6451
5006
5008
6449
5005
5006
5007
5021
5007
6455
5014
5012
5013
5483
5015
5481
5014
5480
5013
5014
5015
5015
5484
5020
5033
5513
5021
5032
6456
5023
5515
6458
5022
5035
5512
6459
5021
5022
5036
5023
5023
5516
6462
5028
5041
6474
5029
5034
5040
5031
5035
5042
6475
5030
5032
6473
5029
5030
5031
5045
5031
6479
5038
5036
5037
5507
5039
5505
5038
5504
5037
5038
5039
5039
5508
5044
5057
5537
5045
5056
6480
5047
5539
6482
5046
5059
5536
6483
5045
5046
5060
5047
5047
5540
6486
5052
5065
6498
5053
5058
5064
5055
5059
5066
6499
5054
5056
6497
5053
5054
5055
5069
5055
6503
5062
5060
5061
5531
5063
5529
5062
5528
5061
5062
5063
5063
5532
5068
5081
5561
5069
5080
6504
5071
5563
6506
5070
5083
5560
6507
5069
5070
5084
5071
5071
5564
6510
5076
5089
6522
5077
5082
5088
5079
5083
5090
6523
5078
5080
6521
5077
5078
5079
5093
5079
6527
5086
5084
5085
5555
5087
5553
5086
5552
5085
5086
5087
5087
5556
5092
5105
5585
5093
5104
6528
5095
5587
6530
5094
5107
5584
6531
5093
5094
5108
5095
5095
5588
6534
5100
5113
6546
5101
5106
5112
5103
5107
5114
6547
5102
5104
6545
5101
5102
5103
5117
5103
6551
5110
5108
5109
5579
5111
5577
5110
5576
5109
5110
5111
5111
5580
5116
5129
5609
5117
5128
6552
5119
5611
6554
5118
5131
5608
6555
5117
5118
5132
5119
5119
5612
6558
5124
5137
6570
5125
5130
5136
5127
5131
5138
6571
5126
5128
6569
5125
5126
5127
5141
5127
6575
5134
5132
5133
5603
5135
5601
5134
5600
5133
5134
5135
5135
5604
5140
5153
5633
5141
5152
6576
5143
5635
6578
5142
5155
5632
6579
5141
5142
5156
5143
5143
5636
6582
5148
5161
6594
5149
5154
5160
5151
5155
5162
6595
5150
5152
6593
5149
5150
5151
5165
5151
6599
5158
5156
5157
5627
5159
5625
5158
5624
5157
5158
5159
5159
5628
5164
5177
5657
5165
5176
6600
5167
5659
6602
5166
5179
5656
6603
5165
5166
5180
5167
5167
5660
6606
5172
5185
6618
5173
5178
5184
5175
5179
5186
6619
5174
5176
6617
5173
5174
5175
5189
5175
6623
5182
5180
5181
5651
5183
5649
5182
5648
5181
5182
5183
5183
5652
5188
5201
5681
5189
5200
6624
5191
5683
6626
5190
5203
5680
6627
5189
5190
5204
5191
5191
5684
6630
5196
5209
6642
5197
5202
5208
5199
5203
5210
6643
5198
5200
6641
5197
5198
5199
5213
5199
6647
5206
5204
5205
5675
5207
5673
5206
5672
5205
5206
5207
5207
5676
5212
5225
5705
5213
5224
6648
5215
5707
6650
5214
5227
5704
6651
5213
5214
5228
5215
5215
5708
6654
5220
5233
6666
5221
5226
5232
5223
5227
5234
6667
5222
5224
6665
5221
5222
5223
5237
5223
6671
5230
5228
5229
5699
5231
5697
5230
5696
5229
5230
5231
5231
5700
5236
5249
5729
5237
5248
6672
5239
5731
6674
5238
5251
5728
6675
5237
5238
5252
5239
5239
5732
6678
5244
5257
6690
5245
5250
5256
5247
5251
5258
6691
5246
5248
6689
5245
5246
5247
5261
5247
6695
5254
5252
5253
5723
5255
5721
5254
5720
5253
5254
5255
5255
5724
5260
5273
5753
5261
5272
6696
5263
5755
6698
5262
5275
5752
6699
5261
5262
5276
5263
5263
5756
6702
5268
6714
5269
5274
5271
5275
6715
5270
5272
6713
5269
5270
5271
5271
6719
5278
5276
5277
5747
5279
5745
5278
5744
5277
5278
5279
5279
5748
5284
5297
5761
5285
5299
5287
5762
5286
5298
5763
5285
5286
5303
5287
5287
5767
5292
5296
5305
5293
5304
5776
5295
5298
5306
5778
5294
5297
5779
5293
5294
5295
5309
5295
5301
5782
5300
5301
5303
5302
5301
5302
5303
5303
5308
5321
5785
5309
5323
5311
5786
5310
5322
5787
5309
5310
5327
5311
5311
5791
5316
5320
5329
5317
5328
5800
5319
5322
5330
5802
5318
5321
5803
5317
5318
5319
5333
5319
5325
5806
5324
5325
5327
5326
5325
5326
5327
5327
5332
5345
5809
5333
5347
5335
5810
5334
5346
5811
5333
5334
5351
5335
5335
5815
5340
5344
5353
5341
5352
5824
5343
5346
5354
5826
5342
5345
5827
5341
5342
5343
5357
5343
5349
5830
5348
5349
5351
5350
5349
5350
5351
5351
5356
5369
5833
5357
5371
5359
5834
5358
5370
5835
5357
5358
5375
5359
5359
5839
5364
5368
5377
5365
5376
5848
5367
5370
5378
5850
5366
5369
5851
5365
5366
5367
5381
5367
5373
5854
5372
5373
5375
5374
5373
5374
5375
5375
5380
5393
5857
5381
5395
5383
5858
5382
5394
5859
5381
5382
5399
5383
5383
5863
5388
5392
5401
5389
5400
5872
5391
5394
5402
5874
5390
5393
5875
5389
5390
5391
5405
5391
5397
5878
5396
5397
5399
5398
5397
5398
5399
5399
5404
5417
5881
5405
5419
5407
5882
5406
5418
5883
5405
5406
5423
5407
5407
5887
5412
5416
5425
5413
5424
5896
5415
5418
5426
5898
5414
5417
5899
5413
5414
5415
5429
5415
5421
5902
5420
5421
5423
5422
5421
5422
5423
5423
5428
5441
5905
5429
5443
5431
5906
5430
5442
5907
5429
5430
5447
5431
5431
5911
5436
5440
5449
5437
5448
5920
5439
5442
5450
5922
5438
5441
5923
5437
5438
5439
5453
5439
5445
5926
5444
5445
5447
5446
5445
5446
5447
5447
5452
5465
5929
5453
5467
5455
5930
5454
5466
5931
5453
5454
5471
5455
5455
5935
5460
5464
5473
5461
5472
5944
5463
5466
5474
5946
5462
5465
5947
5461
5462
5463
5477
5463
5469
5950
5468
5469
5471
5470
5469
5470
5471
5471
5476
5489
5953
5477
5491
5479
5954
5478
5490
5955
5477
5478
5495
5479
5479
5959
5484
5488
5497
5485
5496
5968
5487
5490
5498
5970
5486
5489
5971
5485
5486
5487
5501
5487
5493
5974
5492
5493
5495
5494
5493
5494
5495
5495
5500
5513
5977
5501
5515
5503
5978
5502
5514
5979
5501
5502
5519
5503
5503
5983
5508
5512
5521
5509
5520
5992
5511
5514
5522
5994
5510
5513
5995
5509
5510
5511
5525
5511
5517
5998
5516
5517
5519
5518
5517
5518
5519
5519
5524
5537
6001
5525
5539
5527
6002
5526
5538
6003
5525
5526
5543
5527
5527
6007
5532
5536
5545
5533
5544
6016
5535
5538
5546
6018
5534
5537
6019
5533
5534
5535
5549
5535
5541
6022
5540
5541
5543
5542
5541
5542
5543
5543
5548
5561
6025
5549
5563
5551
6026
5550
5562
6027
5549
5550
5567
5551
5551
6031
5556
5560
5569
5557
5568
6040
5559
5562
5570
6042
5558
5561
6043
5557
5558
5559
5573
5559
5565
6046
5564
5565
5567
5566
5565
5566
5567
5567
5572
5585
6049
5573
5587
5575
6050
5574
5586
6051
5573
5574
5591
5575
5575
6055
5580
5584
5593
5581
5592
6064
5583
5586
5594
6066
5582
5585
6067
5581
5582
5583
5597
5583
5589
6070
5588
5589
5591
5590
5589
5590
5591
5591
5596
5609
6073
5597
5611
5599
6074
5598
5610
6075
5597
5598
5615
5599
5599
6079
5604
5608
5617
5605
5616
6088
5607
5610
5618
6090
5606
5609
6091
5605
5606
5607
5621
5607
5613
6094
5612
5613
5615
5614
5613
5614
5615
5615
5620
5633
6097
5621
5635
5623
6098
5622
5634
6099
5621
5622
5639
5623
5623
6103
5628
5632
5641
5629
5640
6112
5631
5634
5642
6114
5630
5633
6115
5629
5630
5631
5645
5631
5637
6118
5636
5637
5639
5638
5637
5638
5639
5639
5644
5657
6121
5645
5659
5647
6122
5646
5658
6123
5645
5646
5663
5647
5647
6127
5652
5656
5665
5653
5664
6136
5655
5658
5666
6138
5654
5657
6139
5653
5654
5655
5669
5655
5661
6142
5660
5661
5663
5662
5661
5662
5663
5663
5668
5681
6145
5669
5683
5671
6146
5670
5682
6147
5669
5670
5687
5671
5671
6151
5676
5680
5689
5677
5688
6160
5679
5682
5690
6162
5678
5681
6163
5677
5678
5679
5693
5679
5685
6166
5684
5685
5687
5686
5685
5686
5687
5687
5692
5705
6169
5693
5707
5695
6170
5694
5706
6171
5693
5694
5711
5695
5695
6175
5700
5704
5713
5701
5712
6184
5703
5706
5714
6186
5702
5705
6187
5701
5702
5703
5717
5703
5709
6190
5708
5709
5711
5710
5709
5710
5711
5711
5716
5729
6193
5717
5731
5719
6194
5718
5730
6195
5717
5718
5735
5719
5719
6199
5724
5728
5737
5725
5736
6208
5727
5730
5738
6210
5726
5729
6211
5725
5726
5727
5741
5727
5733
6214
5732
5733
5735
5734
5733
5734
5735
5735
5740
5753
6217
5741
5755
5743
6218
5742
5754
6219
5741
5742
5759
5743
5743
6223
5748
5752
5749
6232
5751
5754
6234
5750
5753
6235
5749
5750
5751
5751
5757
6238
5756
5757
5759
5758
5757
5758
5759
5759
5764
5777
5765
5779
5767
5766
5778
5765
5766
5783
5767
5767
5772
5776
5785
5773
5784
5775
5778
5786
5774
5777
5773
5774
5775
5789
5775
5781
5780
5781
5783
5782
5781
5782
5783
5783
5788
5801
5789
5803
5791
5790
5802
5789
5790
5807
5791
5791
5796
5800
5809
5797
5808
5799
5802
5810
5798
5801
5797
5798
5799
5813
5799
5805
5804
5805
5807
5806
5805
5806
5807
5807
5812
5825
5813
5827
5815
5814
5826
5813
5814
5831
5815
5815
5820
5824
5833
5821
5832
5823
5826
5834
5822
5825
5821
5822
5823
5837
5823
5829
5828
5829
5831
5830
5829
5830
5831
5831
5836
5849
5837
5851
5839
5838
5850
5837
5838
5855
5839
5839
5844
5848
5857
5845
5856
5847
5850
5858
5846
5849
5845
5846
5847
5861
5847
5853
5852
5853
5855
5854
5853
5854
5855
5855
5860
5873
5861
5875
5863
5862
5874
5861
5862
5879
5863
5863
5868
5872
5881
5869
5880
5871
5874
5882
5870
5873
5869
5870
5871
5885
5871
5877
5876
5877
5879
5878
5877
5878
5879
5879
5884
5897
5885
5899
5887
5886
5898
5885
5886
5903
5887
5887
5892
5896
5905
5893
5904
5895
5898
5906
5894
5897
5893
5894
5895
5909
5895
5901
5900
5901
5903
5902
5901
5902
5903
5903
5908
5921
5909
5923
5911
5910
5922
5909
5910
5927
5911
5911
5916
5920
5929
5917
5928
5919
5922
5930
5918
5921
5917
5918
5919
5933
5919
5925
5924
5925
5927
5926
5925
5926
5927
5927
5932
5945
5933
5947
5935
5934
5946
5933
5934
5951
5935
5935
5940
5944
5953
5941
5952
5943
5946
5954
5942
5945
5941
5942
5943
5957
5943
5949
5948
5949
5951
5950
5949
5950
5951
5951
5956
5969
5957
5971
5959
5958
5970
5957
5958
5975
5959
5959
5964
5968
5977
5965
5976
5967
5970
5978
5966
5969
5965
5966
5967
5981
5967
5973
5972
5973
5975
5974
5973
5974
5975
5975
5980
5993
5981
5995
5983
5982
5994
5981
5982
5999
5983
5983
5988
5992
6001
5989
6000
5991
5994
6002
5990
5993
5989
5990
5991
6005
5991
5997
5996
5997
5999
5998
5997
5998
5999
5999
6004
6017
6005
6019
6007
6006
6018
6005
6006
6023
6007
6007
6012
6016
6025
6013
6024
6015
6018
6026
6014
6017
6013
6014
6015
6029
6015
6021
6020
6021
6023
6022
6021
6022
6023
6023
6028
6041
6029
6043
6031
6030
6042
6029
6030
6047
6031
6031
6036
6040
6049
6037
6048
6039
6042
6050
6038
6041
6037
6038
6039
6053
6039
6045
6044
6045
6047
6046
6045
6046
6047
6047
6052
6065
6053
6067
6055
6054
6066
6053
6054
6071
6055
6055
6060
6064
6073
6061
6072
6063
6066
6074
6062
6065
6061
6062
6063
6077
6063
6069
6068
6069
6071
6070
6069
6070
6071
6071
6076
6089
6077
6091
6079
6078
6090
6077
6078
6095
6079
6079
6084
6088
6097
6085
6096
6087
6090
6098
6086
6089
6085
6086
6087
6101
6087
6093
6092
6093
6095
6094
6093
6094
6095
6095
6100
6113
6101
6115
6103
6102
6114
6101
6102
6119
6103
6103
6108
6112
6121
6109
6120
6111
6114
6122
6110
6113
6109
6110
6111
6125
6111
6117
6116
6117
6119
6118
6117
6118
6119
6119
6124
6137
6125
6139
6127
6126
6138
6125
6126
6143
6127
6127
6132
6136
6145
6133
6144
6135
6138
6146
6134
6137
6133
6134
6135
6149
6135
6141
6140
6141
6143
6142
6141
6142
6143
6143
6148
6161
6149
6163
6151
6150
6162
6149
6150
6167
6151
6151
6156
6160
6169
6157
6168
6159
6162
6170
6158
6161
6157
6158
6159
6173
6159
6165
6164
6165
6167
6166
6165
6166
6167
6167
6172
6185
6173
6187
6175
6174
6186
6173
6174
6191
6175
6175
6180
6184
6193
6181
6192
6183
6186
6194
6182
6185
6181
6182
6183
6197
6183
6189
6188
6189
6191
6190
6189
6190
6191
6191
6196
6209
6197
6211
6199
6198
6210
6197
6198
6215
6199
6199
6204
6208
6217
6205
6216
6207
6210
6218
6206
6209
6205
6206
6207
6221
6207
6213
6212
6213
6215
6214
6213
6214
6215
6215
6220
6233
6221
6235
6223
6222
6234
6221
6222
6239
6223
6223
6228
6232
6229
6231
6234
6230
6233
6229
6230
6231
6231
6237
6236
6237
6239
6238
6237
6238
6239
6239
6244
6257
6245
6256
6247
6246
6259
6245
6246
6260
6247
6247
6252
6265
6253
6258
6264
6255
6259
6266
6254
6256
6253
6254
6255
6269
6255
6262
6260
6261
6263
6262
6261
6262
6263
6263
6268
6281
6269
6280
6271
6270
6283
6269
6270
6284
6271
6271
6276
6289
6277
6282
6288
6279
6283
6290
6278
6280
6277
6278
6279
6293
6279
6286
6284
6285
6287
6286
6285
6286
6287
6287
6292
6305
6293
6304
6295
6294
6307
6293
6294
6308
6295
6295
6300
6313
6301
6306
6312
6303
6307
6314
6302
6304
6301
6302
6303
6317
6303
6310
6308
6309
6311
6310
6309
6310
6311
6311
6316
6329
6317
6328
6319
6318
6331
6317
6318
6332
6319
6319
6324
6337
6325
6330
6336
6327
6331
6338
6326
6328
6325
6326
6327
6341
6327
6334
6332
6333
6335
6334
6333
6334
6335
6335
6340
6353
6341
6352
6343
6342
6355
6341
6342
6356
6343
6343
6348
6361
6349
6354
6360
6351
6355
6362
6350
6352
6349
6350
6351
6365
6351
6358
6356
6357
6359
6358
6357
6358
6359
6359
6364
6377
6365
6376
6367
6366
6379
6365
6366
6380
6367
6367
6372
6385
6373
6378
6384
6375
6379
6386
6374
6376
6373
6374
6375
6389
6375
6382
6380
6381
6383
6382
6381
6382
6383
6383
6388
6401
6389
6400
6391
6390
6403
6389
6390
6404
6391
6391
6396
6409
6397
6402
6408
6399
6403
6410
6398
6400
6397
6398
6399
6413
6399
6406
6404
6405
6407
6406
6405
6406
6407
6407
6412
6425
6413
6424
6415
6414
6427
6413
6414
6428
6415
6415
6420
6433
6421
6426
6432
6423
6427
6434
6422
6424
6421
6422
6423
6437
6423
6430
6428
6429
6431
6430
6429
6430
6431
6431
6436
6449
6437
6448
6439
6438
6451
6437
6438
6452
6439
6439
6444
6457
6445
6450
6456
6447
6451
6458
6446
6448
6445
6446
6447
6461
6447
6454
6452
6453
6455
6454
6453
6454
6455
6455
6460
6473
6461
6472
6463
6462
6475
6461
6462
6476
6463
6463
6468
6481
6469
6474
6480
6471
6475
6482
6470
6472
6469
6470
6471
6485
6471
6478
6476
6477
6479
6478
6477
6478
6479
6479
6484
6497
6485
6496
6487
6486
6499
6485
6486
6500
6487
6487
6492
6505
6493
6498
6504
6495
6499
6506
6494
6496
6493
6494
6495
6509
6495
6502
6500
6501
6503
6502
6501
6502
6503
6503
6508
6521
6509
6520
6511
6510
6523
6509
6510
6524
6511
6511
6516
6529
6517
6522
6528
6519
6523
6530
6518
6520
6517
6518
6519
6533
6519
6526
6524
6525
6527
6526
6525
6526
6527
6527
6532
6545
6533
6544
6535
6534
6547
6533
6534
6548
6535
6535
6540
6553
6541
6546
6552
6543
6547
6554
6542
6544
6541
6542
6543
6557
6543
6550
6548
6549
6551
6550
6549
6550
6551
6551
6556
6569
6557
6568
6559
6558
6571
6557
6558
6572
6559
6559
6564
6577
6565
6570
6576
6567
6571
6578
6566
6568
6565
6566
6567
6581
6567
6574
6572
6573
6575
6574
6573
6574
6575
6575
6580
6593
6581
6592
6583
6582
6595
6581
6582
6596
6583
6583
6588
6601
6589
6594
6600
6591
6595
6602
6590
6592
6589
6590
6591
6605
6591
6598
6596
6597
6599
6598
6597
6598
6599
6599
6604
6617
6605
6616
6607
6606
6619
6605
6606
6620
6607
6607
6612
6625
6613
6618
6624
6615
6619
6626
6614
6616
6613
6614
6615
6629
6615
6622
6620
6621
6623
6622
6621
6622
6623
6623
6628
6641
6629
6640
6631
6630
6643
6629
6630
6644
6631
6631
6636
6649
6637
6642
6648
6639
6643
6650
6638
6640
6637
6638
6639
6653
6639
6646
6644
6645
6647
6646
6645
6646
6647
6647
6652
6665
6653
6664
6655
6654
6667
6653
6654
6668
6655
6655
6660
6673
6661
6666
6672
6663
6667
6674
6662
6664
6661
6662
6663
6677
6663
6670
6668
6669
6671
6670
6669
6670
6671
6671
6676
6689
6677
6688
6679
6678
6691
6677
6678
6692
6679
6679
6684
6697
6685
6690
6696
6687
6691
6698
6686
6688
6685
6686
6687
6701
6687
6694
6692
6693
6695
6694
6693
6694
6695
6695
6700
6713
6701
6712
6703
6702
6715
6701
6702
6716
6703
6703
6708
6709
6714
6711
6715
6710
6712
6709
6710
6711
6711
6718
6716
6717
6719
6718
6717
6718
6719
6719
)


// ************************************************************************* //
