/*--------------------------------*- C++ -*----------------------------------*\
| =========                 |                                                 |
| \\      /  F ield         | OpenFOAM: The Open Source CFD Toolbox           |
|  \\    /   O peration     | Version:  v2012                                 |
|   \\  /    A nd           | Website:  www.openfoam.com                      |
|    \\/     M anipulation  |                                                 |
\*---------------------------------------------------------------------------*/
FoamFile
{
    version     2.0;
    format      ascii;
    class       vectorField;
    location    "constant/polyMesh";
    object      points;
}
// * * * * * * * * * * * * * * * * * * * * * * * * * * * * * * * * * * * * * //


1517
(
(-0.005 -0.005 0)
(0.005 -0.005 0)
(0.005 0.005 0)
(-0.005 0.005 0)
(-0.005 -0.005 0.05)
(0.005 -0.005 0.05)
(0.005 0.005 0.05)
(-0.005 0.005 0.05)
(-0.0025 -0.005 0)
(-8.67361738e-19 -0.005 0)
(0.0025 -0.005 0)
(0.005 -0.0025 0)
(0.005 -8.67361738e-19 0)
(0.005 0.0025 0)
(0.0025 0.005 0)
(8.67361738e-19 0.005 0)
(-0.0025 0.005 0)
(-0.005 0.0025 0)
(-0.005 8.67361738e-19 0)
(-0.005 -0.0025 0)
(-0.005 -0.005 0.00125)
(-0.005 -0.005 0.0025)
(-0.005 -0.005 0.00375)
(-0.005 -0.005 0.005)
(-0.005 -0.005 0.00625)
(-0.005 -0.005 0.0075)
(-0.005 -0.005 0.00875)
(-0.005 -0.005 0.01)
(-0.005 -0.005 0.01125)
(-0.005 -0.005 0.0125)
(-0.005 -0.005 0.01375)
(-0.005 -0.005 0.015)
(-0.005 -0.005 0.01625)
(-0.005 -0.005 0.0175)
(-0.005 -0.005 0.01875)
(-0.005 -0.005 0.02)
(-0.005 -0.005 0.02125)
(-0.005 -0.005 0.0225)
(-0.005 -0.005 0.02375)
(-0.005 -0.005 0.025)
(-0.005 -0.005 0.02625)
(-0.005 -0.005 0.0275)
(-0.005 -0.005 0.02875)
(-0.005 -0.005 0.03)
(-0.005 -0.005 0.03125)
(-0.005 -0.005 0.0325)
(-0.005 -0.005 0.03375)
(-0.005 -0.005 0.035)
(-0.005 -0.005 0.03625)
(-0.005 -0.005 0.0375)
(-0.005 -0.005 0.03875)
(-0.005 -0.005 0.04)
(-0.005 -0.005 0.04125)
(-0.005 -0.005 0.0425)
(-0.005 -0.005 0.04375)
(-0.005 -0.005 0.045)
(-0.005 -0.005 0.04625)
(-0.005 -0.005 0.0475)
(-0.005 -0.005 0.04875)
(0.005 -0.005 0.00125)
(0.005 -0.005 0.0025)
(0.005 -0.005 0.00375)
(0.005 -0.005 0.005)
(0.005 -0.005 0.00625)
(0.005 -0.005 0.0075)
(0.005 -0.005 0.00875)
(0.005 -0.005 0.01)
(0.005 -0.005 0.01125)
(0.005 -0.005 0.0125)
(0.005 -0.005 0.01375)
(0.005 -0.005 0.015)
(0.005 -0.005 0.01625)
(0.005 -0.005 0.0175)
(0.005 -0.005 0.01875)
(0.005 -0.005 0.02)
(0.005 -0.005 0.02125)
(0.005 -0.005 0.0225)
(0.005 -0.005 0.02375)
(0.005 -0.005 0.025)
(0.005 -0.005 0.02625)
(0.005 -0.005 0.0275)
(0.005 -0.005 0.02875)
(0.005 -0.005 0.03)
(0.005 -0.005 0.03125)
(0.005 -0.005 0.0325)
(0.005 -0.005 0.03375)
(0.005 -0.005 0.035)
(0.005 -0.005 0.03625)
(0.005 -0.005 0.0375)
(0.005 -0.005 0.03875)
(0.005 -0.005 0.04)
(0.005 -0.005 0.04125)
(0.005 -0.005 0.0425)
(0.005 -0.005 0.04375)
(0.005 -0.005 0.045)
(0.005 -0.005 0.04625)
(0.005 -0.005 0.0475)
(0.005 -0.005 0.04875)
(-0.0025 -0.005 0.05)
(-8.67361738e-19 -0.005 0.05)
(0.0025 -0.005 0.05)
(0.005 0.005 0.00125)
(0.005 0.005 0.0025)
(0.005 0.005 0.00375)
(0.005 0.005 0.005)
(0.005 0.005 0.00625)
(0.005 0.005 0.0075)
(0.005 0.005 0.00875)
(0.005 0.005 0.01)
(0.005 0.005 0.01125)
(0.005 0.005 0.0125)
(0.005 0.005 0.01375)
(0.005 0.005 0.015)
(0.005 0.005 0.01625)
(0.005 0.005 0.0175)
(0.005 0.005 0.01875)
(0.005 0.005 0.02)
(0.005 0.005 0.02125)
(0.005 0.005 0.0225)
(0.005 0.005 0.02375)
(0.005 0.005 0.025)
(0.005 0.005 0.02625)
(0.005 0.005 0.0275)
(0.005 0.005 0.02875)
(0.005 0.005 0.03)
(0.005 0.005 0.03125)
(0.005 0.005 0.0325)
(0.005 0.005 0.03375)
(0.005 0.005 0.035)
(0.005 0.005 0.03625)
(0.005 0.005 0.0375)
(0.005 0.005 0.03875)
(0.005 0.005 0.04)
(0.005 0.005 0.04125)
(0.005 0.005 0.0425)
(0.005 0.005 0.04375)
(0.005 0.005 0.045)
(0.005 0.005 0.04625)
(0.005 0.005 0.0475)
(0.005 0.005 0.04875)
(0.005 -0.0025 0.05)
(0.005 -8.67361738e-19 0.05)
(0.005 0.0025 0.05)
(-0.005 0.005 0.00125)
(-0.005 0.005 0.0025)
(-0.005 0.005 0.00375)
(-0.005 0.005 0.005)
(-0.005 0.005 0.00625)
(-0.005 0.005 0.0075)
(-0.005 0.005 0.00875)
(-0.005 0.005 0.01)
(-0.005 0.005 0.01125)
(-0.005 0.005 0.0125)
(-0.005 0.005 0.01375)
(-0.005 0.005 0.015)
(-0.005 0.005 0.01625)
(-0.005 0.005 0.0175)
(-0.005 0.005 0.01875)
(-0.005 0.005 0.02)
(-0.005 0.005 0.02125)
(-0.005 0.005 0.0225)
(-0.005 0.005 0.02375)
(-0.005 0.005 0.025)
(-0.005 0.005 0.02625)
(-0.005 0.005 0.0275)
(-0.005 0.005 0.02875)
(-0.005 0.005 0.03)
(-0.005 0.005 0.03125)
(-0.005 0.005 0.0325)
(-0.005 0.005 0.03375)
(-0.005 0.005 0.035)
(-0.005 0.005 0.03625)
(-0.005 0.005 0.0375)
(-0.005 0.005 0.03875)
(-0.005 0.005 0.04)
(-0.005 0.005 0.04125)
(-0.005 0.005 0.0425)
(-0.005 0.005 0.04375)
(-0.005 0.005 0.045)
(-0.005 0.005 0.04625)
(-0.005 0.005 0.0475)
(-0.005 0.005 0.04875)
(0.0025 0.005 0.05)
(8.67361738e-19 0.005 0.05)
(-0.0025 0.005 0.05)
(-0.005 0.0025 0.05)
(-0.005 8.67361738e-19 0.05)
(-0.005 -0.0025 0.05)
(0.00238611516 -0.00238611516 0)
(-0.00125 -0.00125 0)
(0.00149143586 0.001425230807 0)
(-0.0021875 0.0021875 0)
(0.00074571793 0.003212615403 0)
(0.00324571793 0.003212615403 0)
(-0.000625 -0.003125 0)
(-0.003125 -0.003125 0)
(-0.003125 -0.000625 0)
(0.00324571793 0.0007126154033 0)
(-0.00359375 0.00359375 0)
(-0.00109375 0.00359375 0)
(-0.00359375 0.00109375 0)
(0.00369305758 -0.00369305758 0)
(0.00119305758 -0.00369305758 0)
(0.00369305758 -0.00119305758 0)
(-0.00034803207 0.001806365403 0)
(0.0005680575802 -0.00181805758 0)
(0.00193877551 -0.0004804421769 0)
(0.00012071793 8.76154033e-05 0)
(-0.00171875 0.00046875 0)
(-8.67361738e-19 -0.005 0.0025)
(-8.67361738e-19 -0.005 0.005)
(-8.67361738e-19 -0.005 0.0075)
(-8.67361738e-19 -0.005 0.01)
(-8.67361738e-19 -0.005 0.0125)
(-8.67361738e-19 -0.005 0.015)
(-8.67361738e-19 -0.005 0.0175)
(-8.67361738e-19 -0.005 0.02)
(-8.67361738e-19 -0.005 0.0225)
(-8.67361738e-19 -0.005 0.025)
(-8.67361738e-19 -0.005 0.0275)
(-8.67361738e-19 -0.005 0.03)
(-8.67361738e-19 -0.005 0.0325)
(-8.67361738e-19 -0.005 0.035)
(-8.67361738e-19 -0.005 0.0375)
(-8.67361738e-19 -0.005 0.04)
(-8.67361738e-19 -0.005 0.0425)
(-8.67361738e-19 -0.005 0.045)
(-8.67361738e-19 -0.005 0.0475)
(-0.0025 -0.005 0.00125)
(-0.0025 -0.005 0.0025)
(-8.67361738e-19 -0.005 0.00125)
(-0.0025 -0.005 0.00375)
(-0.0025 -0.005 0.005)
(-8.67361738e-19 -0.005 0.00375)
(-0.0025 -0.005 0.00625)
(-0.0025 -0.005 0.0075)
(-8.67361738e-19 -0.005 0.00625)
(-0.0025 -0.005 0.00875)
(-0.0025 -0.005 0.01)
(-8.67361738e-19 -0.005 0.00875)
(-0.0025 -0.005 0.01125)
(-0.0025 -0.005 0.0125)
(-8.67361738e-19 -0.005 0.01125)
(-0.0025 -0.005 0.01375)
(-0.0025 -0.005 0.015)
(-8.67361738e-19 -0.005 0.01375)
(-0.0025 -0.005 0.01625)
(-0.0025 -0.005 0.0175)
(-8.67361738e-19 -0.005 0.01625)
(-0.0025 -0.005 0.01875)
(-0.0025 -0.005 0.02)
(-8.67361738e-19 -0.005 0.01875)
(-0.0025 -0.005 0.02125)
(-0.0025 -0.005 0.0225)
(-8.67361738e-19 -0.005 0.02125)
(-0.0025 -0.005 0.02375)
(-0.0025 -0.005 0.025)
(-8.67361738e-19 -0.005 0.02375)
(-0.0025 -0.005 0.02625)
(-0.0025 -0.005 0.0275)
(-8.67361738e-19 -0.005 0.02625)
(-0.0025 -0.005 0.02875)
(-0.0025 -0.005 0.03)
(-8.67361738e-19 -0.005 0.02875)
(-0.0025 -0.005 0.03125)
(-0.0025 -0.005 0.0325)
(-8.67361738e-19 -0.005 0.03125)
(-0.0025 -0.005 0.03375)
(-0.0025 -0.005 0.035)
(-8.67361738e-19 -0.005 0.03375)
(-0.0025 -0.005 0.03625)
(-0.0025 -0.005 0.0375)
(-8.67361738e-19 -0.005 0.03625)
(-0.0025 -0.005 0.03875)
(-0.0025 -0.005 0.04)
(-8.67361738e-19 -0.005 0.03875)
(-0.0025 -0.005 0.04125)
(-0.0025 -0.005 0.0425)
(-8.67361738e-19 -0.005 0.04125)
(-0.0025 -0.005 0.04375)
(-0.0025 -0.005 0.045)
(-8.67361738e-19 -0.005 0.04375)
(-0.0025 -0.005 0.04625)
(-0.0025 -0.005 0.0475)
(-8.67361738e-19 -0.005 0.04625)
(-0.0025 -0.005 0.04875)
(-8.67361738e-19 -0.005 0.04875)
(0.0025 -0.005 0.00125)
(0.0025 -0.005 0.0025)
(0.0025 -0.005 0.00375)
(0.0025 -0.005 0.005)
(0.0025 -0.005 0.00625)
(0.0025 -0.005 0.0075)
(0.0025 -0.005 0.00875)
(0.0025 -0.005 0.01)
(0.0025 -0.005 0.01125)
(0.0025 -0.005 0.0125)
(0.0025 -0.005 0.01375)
(0.0025 -0.005 0.015)
(0.0025 -0.005 0.01625)
(0.0025 -0.005 0.0175)
(0.0025 -0.005 0.01875)
(0.0025 -0.005 0.02)
(0.0025 -0.005 0.02125)
(0.0025 -0.005 0.0225)
(0.0025 -0.005 0.02375)
(0.0025 -0.005 0.025)
(0.0025 -0.005 0.02625)
(0.0025 -0.005 0.0275)
(0.0025 -0.005 0.02875)
(0.0025 -0.005 0.03)
(0.0025 -0.005 0.03125)
(0.0025 -0.005 0.0325)
(0.0025 -0.005 0.03375)
(0.0025 -0.005 0.035)
(0.0025 -0.005 0.03625)
(0.0025 -0.005 0.0375)
(0.0025 -0.005 0.03875)
(0.0025 -0.005 0.04)
(0.0025 -0.005 0.04125)
(0.0025 -0.005 0.0425)
(0.0025 -0.005 0.04375)
(0.0025 -0.005 0.045)
(0.0025 -0.005 0.04625)
(0.0025 -0.005 0.0475)
(0.0025 -0.005 0.04875)
(0.005 -8.67361738e-19 0.0025)
(0.005 -8.67361738e-19 0.005)
(0.005 -8.67361738e-19 0.0075)
(0.005 -8.67361738e-19 0.01)
(0.005 -8.67361738e-19 0.0125)
(0.005 -8.67361738e-19 0.015)
(0.005 -8.67361738e-19 0.0175)
(0.005 -8.67361738e-19 0.02)
(0.005 -8.67361738e-19 0.0225)
(0.005 -8.67361738e-19 0.025)
(0.005 -8.67361738e-19 0.0275)
(0.005 -8.67361738e-19 0.03)
(0.005 -8.67361738e-19 0.0325)
(0.005 -8.67361738e-19 0.035)
(0.005 -8.67361738e-19 0.0375)
(0.005 -8.67361738e-19 0.04)
(0.005 -8.67361738e-19 0.0425)
(0.005 -8.67361738e-19 0.045)
(0.005 -8.67361738e-19 0.0475)
(0.005 -0.0025 0.00125)
(0.005 -0.0025 0.0025)
(0.005 -8.67361738e-19 0.00125)
(0.005 -0.0025 0.00375)
(0.005 -0.0025 0.005)
(0.005 -8.67361738e-19 0.00375)
(0.005 -0.0025 0.00625)
(0.005 -0.0025 0.0075)
(0.005 -8.67361738e-19 0.00625)
(0.005 -0.0025 0.00875)
(0.005 -0.0025 0.01)
(0.005 -8.67361738e-19 0.00875)
(0.005 -0.0025 0.01125)
(0.005 -0.0025 0.0125)
(0.005 -8.67361738e-19 0.01125)
(0.005 -0.0025 0.01375)
(0.005 -0.0025 0.015)
(0.005 -8.67361738e-19 0.01375)
(0.005 -0.0025 0.01625)
(0.005 -0.0025 0.0175)
(0.005 -8.67361738e-19 0.01625)
(0.005 -0.0025 0.01875)
(0.005 -0.0025 0.02)
(0.005 -8.67361738e-19 0.01875)
(0.005 -0.0025 0.02125)
(0.005 -0.0025 0.0225)
(0.005 -8.67361738e-19 0.02125)
(0.005 -0.0025 0.02375)
(0.005 -0.0025 0.025)
(0.005 -8.67361738e-19 0.02375)
(0.005 -0.0025 0.02625)
(0.005 -0.0025 0.0275)
(0.005 -8.67361738e-19 0.02625)
(0.005 -0.0025 0.02875)
(0.005 -0.0025 0.03)
(0.005 -8.67361738e-19 0.02875)
(0.005 -0.0025 0.03125)
(0.005 -0.0025 0.0325)
(0.005 -8.67361738e-19 0.03125)
(0.005 -0.0025 0.03375)
(0.005 -0.0025 0.035)
(0.005 -8.67361738e-19 0.03375)
(0.005 -0.0025 0.03625)
(0.005 -0.0025 0.0375)
(0.005 -8.67361738e-19 0.03625)
(0.005 -0.0025 0.03875)
(0.005 -0.0025 0.04)
(0.005 -8.67361738e-19 0.03875)
(0.005 -0.0025 0.04125)
(0.005 -0.0025 0.0425)
(0.005 -8.67361738e-19 0.04125)
(0.005 -0.0025 0.04375)
(0.005 -0.0025 0.045)
(0.005 -8.67361738e-19 0.04375)
(0.005 -0.0025 0.04625)
(0.005 -0.0025 0.0475)
(0.005 -8.67361738e-19 0.04625)
(0.005 -0.0025 0.04875)
(0.005 -8.67361738e-19 0.04875)
(0.005 0.0025 0.00125)
(0.005 0.0025 0.0025)
(0.005 0.0025 0.00375)
(0.005 0.0025 0.005)
(0.005 0.0025 0.00625)
(0.005 0.0025 0.0075)
(0.005 0.0025 0.00875)
(0.005 0.0025 0.01)
(0.005 0.0025 0.01125)
(0.005 0.0025 0.0125)
(0.005 0.0025 0.01375)
(0.005 0.0025 0.015)
(0.005 0.0025 0.01625)
(0.005 0.0025 0.0175)
(0.005 0.0025 0.01875)
(0.005 0.0025 0.02)
(0.005 0.0025 0.02125)
(0.005 0.0025 0.0225)
(0.005 0.0025 0.02375)
(0.005 0.0025 0.025)
(0.005 0.0025 0.02625)
(0.005 0.0025 0.0275)
(0.005 0.0025 0.02875)
(0.005 0.0025 0.03)
(0.005 0.0025 0.03125)
(0.005 0.0025 0.0325)
(0.005 0.0025 0.03375)
(0.005 0.0025 0.035)
(0.005 0.0025 0.03625)
(0.005 0.0025 0.0375)
(0.005 0.0025 0.03875)
(0.005 0.0025 0.04)
(0.005 0.0025 0.04125)
(0.005 0.0025 0.0425)
(0.005 0.0025 0.04375)
(0.005 0.0025 0.045)
(0.005 0.0025 0.04625)
(0.005 0.0025 0.0475)
(0.005 0.0025 0.04875)
(8.67361738e-19 0.005 0.0025)
(8.67361738e-19 0.005 0.005)
(8.67361738e-19 0.005 0.0075)
(8.67361738e-19 0.005 0.01)
(8.67361738e-19 0.005 0.0125)
(8.67361738e-19 0.005 0.015)
(8.67361738e-19 0.005 0.0175)
(8.67361738e-19 0.005 0.02)
(8.67361738e-19 0.005 0.0225)
(8.67361738e-19 0.005 0.025)
(8.67361738e-19 0.005 0.0275)
(8.67361738e-19 0.005 0.03)
(8.67361738e-19 0.005 0.0325)
(8.67361738e-19 0.005 0.035)
(8.67361738e-19 0.005 0.0375)
(8.67361738e-19 0.005 0.04)
(8.67361738e-19 0.005 0.0425)
(8.67361738e-19 0.005 0.045)
(8.67361738e-19 0.005 0.0475)
(0.0025 0.005 0.00125)
(0.0025 0.005 0.0025)
(8.67361738e-19 0.005 0.00125)
(0.0025 0.005 0.00375)
(0.0025 0.005 0.005)
(8.67361738e-19 0.005 0.00375)
(0.0025 0.005 0.00625)
(0.0025 0.005 0.0075)
(8.67361738e-19 0.005 0.00625)
(0.0025 0.005 0.00875)
(0.0025 0.005 0.01)
(8.67361738e-19 0.005 0.00875)
(0.0025 0.005 0.01125)
(0.0025 0.005 0.0125)
(8.67361738e-19 0.005 0.01125)
(0.0025 0.005 0.01375)
(0.0025 0.005 0.015)
(8.67361738e-19 0.005 0.01375)
(0.0025 0.005 0.01625)
(0.0025 0.005 0.0175)
(8.67361738e-19 0.005 0.01625)
(0.0025 0.005 0.01875)
(0.0025 0.005 0.02)
(8.67361738e-19 0.005 0.01875)
(0.0025 0.005 0.02125)
(0.0025 0.005 0.0225)
(8.67361738e-19 0.005 0.02125)
(0.0025 0.005 0.02375)
(0.0025 0.005 0.025)
(8.67361738e-19 0.005 0.02375)
(0.0025 0.005 0.02625)
(0.0025 0.005 0.0275)
(8.67361738e-19 0.005 0.02625)
(0.0025 0.005 0.02875)
(0.0025 0.005 0.03)
(8.67361738e-19 0.005 0.02875)
(0.0025 0.005 0.03125)
(0.0025 0.005 0.0325)
(8.67361738e-19 0.005 0.03125)
(0.0025 0.005 0.03375)
(0.0025 0.005 0.035)
(8.67361738e-19 0.005 0.03375)
(0.0025 0.005 0.03625)
(0.0025 0.005 0.0375)
(8.67361738e-19 0.005 0.03625)
(0.0025 0.005 0.03875)
(0.0025 0.005 0.04)
(8.67361738e-19 0.005 0.03875)
(0.0025 0.005 0.04125)
(0.0025 0.005 0.0425)
(8.67361738e-19 0.005 0.04125)
(0.0025 0.005 0.04375)
(0.0025 0.005 0.045)
(8.67361738e-19 0.005 0.04375)
(0.0025 0.005 0.04625)
(0.0025 0.005 0.0475)
(8.67361738e-19 0.005 0.04625)
(0.0025 0.005 0.04875)
(8.67361738e-19 0.005 0.04875)
(-0.0025 0.005 0.00125)
(-0.0025 0.005 0.0025)
(-0.0025 0.005 0.00375)
(-0.0025 0.005 0.005)
(-0.0025 0.005 0.00625)
(-0.0025 0.005 0.0075)
(-0.0025 0.005 0.00875)
(-0.0025 0.005 0.01)
(-0.0025 0.005 0.01125)
(-0.0025 0.005 0.0125)
(-0.0025 0.005 0.01375)
(-0.0025 0.005 0.015)
(-0.0025 0.005 0.01625)
(-0.0025 0.005 0.0175)
(-0.0025 0.005 0.01875)
(-0.0025 0.005 0.02)
(-0.0025 0.005 0.02125)
(-0.0025 0.005 0.0225)
(-0.0025 0.005 0.02375)
(-0.0025 0.005 0.025)
(-0.0025 0.005 0.02625)
(-0.0025 0.005 0.0275)
(-0.0025 0.005 0.02875)
(-0.0025 0.005 0.03)
(-0.0025 0.005 0.03125)
(-0.0025 0.005 0.0325)
(-0.0025 0.005 0.03375)
(-0.0025 0.005 0.035)
(-0.0025 0.005 0.03625)
(-0.0025 0.005 0.0375)
(-0.0025 0.005 0.03875)
(-0.0025 0.005 0.04)
(-0.0025 0.005 0.04125)
(-0.0025 0.005 0.0425)
(-0.0025 0.005 0.04375)
(-0.0025 0.005 0.045)
(-0.0025 0.005 0.04625)
(-0.0025 0.005 0.0475)
(-0.0025 0.005 0.04875)
(-0.005 8.67361738e-19 0.0025)
(-0.005 8.67361738e-19 0.005)
(-0.005 8.67361738e-19 0.0075)
(-0.005 8.67361738e-19 0.01)
(-0.005 8.67361738e-19 0.0125)
(-0.005 8.67361738e-19 0.015)
(-0.005 8.67361738e-19 0.0175)
(-0.005 8.67361738e-19 0.02)
(-0.005 8.67361738e-19 0.0225)
(-0.005 8.67361738e-19 0.025)
(-0.005 8.67361738e-19 0.0275)
(-0.005 8.67361738e-19 0.03)
(-0.005 8.67361738e-19 0.0325)
(-0.005 8.67361738e-19 0.035)
(-0.005 8.67361738e-19 0.0375)
(-0.005 8.67361738e-19 0.04)
(-0.005 8.67361738e-19 0.0425)
(-0.005 8.67361738e-19 0.045)
(-0.005 8.67361738e-19 0.0475)
(-0.005 0.0025 0.00125)
(-0.005 0.0025 0.0025)
(-0.005 8.67361738e-19 0.00125)
(-0.005 0.0025 0.00375)
(-0.005 0.0025 0.005)
(-0.005 8.67361738e-19 0.00375)
(-0.005 0.0025 0.00625)
(-0.005 0.0025 0.0075)
(-0.005 8.67361738e-19 0.00625)
(-0.005 0.0025 0.00875)
(-0.005 0.0025 0.01)
(-0.005 8.67361738e-19 0.00875)
(-0.005 0.0025 0.01125)
(-0.005 0.0025 0.0125)
(-0.005 8.67361738e-19 0.01125)
(-0.005 0.0025 0.01375)
(-0.005 0.0025 0.015)
(-0.005 8.67361738e-19 0.01375)
(-0.005 0.0025 0.01625)
(-0.005 0.0025 0.0175)
(-0.005 8.67361738e-19 0.01625)
(-0.005 0.0025 0.01875)
(-0.005 0.0025 0.02)
(-0.005 8.67361738e-19 0.01875)
(-0.005 0.0025 0.02125)
(-0.005 0.0025 0.0225)
(-0.005 8.67361738e-19 0.02125)
(-0.005 0.0025 0.02375)
(-0.005 0.0025 0.025)
(-0.005 8.67361738e-19 0.02375)
(-0.005 0.0025 0.02625)
(-0.005 0.0025 0.0275)
(-0.005 8.67361738e-19 0.02625)
(-0.005 0.0025 0.02875)
(-0.005 0.0025 0.03)
(-0.005 8.67361738e-19 0.02875)
(-0.005 0.0025 0.03125)
(-0.005 0.0025 0.0325)
(-0.005 8.67361738e-19 0.03125)
(-0.005 0.0025 0.03375)
(-0.005 0.0025 0.035)
(-0.005 8.67361738e-19 0.03375)
(-0.005 0.0025 0.03625)
(-0.005 0.0025 0.0375)
(-0.005 8.67361738e-19 0.03625)
(-0.005 0.0025 0.03875)
(-0.005 0.0025 0.04)
(-0.005 8.67361738e-19 0.03875)
(-0.005 0.0025 0.04125)
(-0.005 0.0025 0.0425)
(-0.005 8.67361738e-19 0.04125)
(-0.005 0.0025 0.04375)
(-0.005 0.0025 0.045)
(-0.005 8.67361738e-19 0.04375)
(-0.005 0.0025 0.04625)
(-0.005 0.0025 0.0475)
(-0.005 8.67361738e-19 0.04625)
(-0.005 0.0025 0.04875)
(-0.005 8.67361738e-19 0.04875)
(-0.005 -0.0025 0.00125)
(-0.005 -0.0025 0.0025)
(-0.005 -0.0025 0.00375)
(-0.005 -0.0025 0.005)
(-0.005 -0.0025 0.00625)
(-0.005 -0.0025 0.0075)
(-0.005 -0.0025 0.00875)
(-0.005 -0.0025 0.01)
(-0.005 -0.0025 0.01125)
(-0.005 -0.0025 0.0125)
(-0.005 -0.0025 0.01375)
(-0.005 -0.0025 0.015)
(-0.005 -0.0025 0.01625)
(-0.005 -0.0025 0.0175)
(-0.005 -0.0025 0.01875)
(-0.005 -0.0025 0.02)
(-0.005 -0.0025 0.02125)
(-0.005 -0.0025 0.0225)
(-0.005 -0.0025 0.02375)
(-0.005 -0.0025 0.025)
(-0.005 -0.0025 0.02625)
(-0.005 -0.0025 0.0275)
(-0.005 -0.0025 0.02875)
(-0.005 -0.0025 0.03)
(-0.005 -0.0025 0.03125)
(-0.005 -0.0025 0.0325)
(-0.005 -0.0025 0.03375)
(-0.005 -0.0025 0.035)
(-0.005 -0.0025 0.03625)
(-0.005 -0.0025 0.0375)
(-0.005 -0.0025 0.03875)
(-0.005 -0.0025 0.04)
(-0.005 -0.0025 0.04125)
(-0.005 -0.0025 0.0425)
(-0.005 -0.0025 0.04375)
(-0.005 -0.0025 0.045)
(-0.005 -0.0025 0.04625)
(-0.005 -0.0025 0.0475)
(-0.005 -0.0025 0.04875)
(0.00238611516 -0.00238611516 0.05)
(-0.00125 -0.00125 0.05)
(0.00149143586 0.001425230807 0.05)
(-0.0021875 0.0021875 0.05)
(0.00074571793 0.003212615403 0.05)
(0.00324571793 0.003212615403 0.05)
(-0.000625 -0.003125 0.05)
(-0.003125 -0.003125 0.05)
(-0.003125 -0.000625 0.05)
(0.00324571793 0.0007126154033 0.05)
(-0.00359375 0.00359375 0.05)
(-0.00109375 0.00359375 0.05)
(-0.00359375 0.00109375 0.05)
(0.00369305758 -0.00369305758 0.05)
(0.00119305758 -0.00369305758 0.05)
(0.00369305758 -0.00119305758 0.05)
(-0.00034803207 0.001806365403 0.05)
(0.0005680575802 -0.00181805758 0.05)
(0.00193877551 -0.0004804421769 0.05)
(0.00012071793 8.76154033e-05 0.05)
(-0.00171875 0.00046875 0.05)
(0.00238611516 -0.00238611516 0.0025)
(0.00238611516 -0.00238611516 0.005)
(0.00238611516 -0.00238611516 0.0075)
(0.00238611516 -0.00238611516 0.01)
(0.00238611516 -0.00238611516 0.0125)
(0.00238611516 -0.00238611516 0.015)
(0.00238611516 -0.00238611516 0.0175)
(0.00238611516 -0.00238611516 0.02)
(0.00238611516 -0.00238611516 0.0225)
(0.00238611516 -0.00238611516 0.025)
(0.00238611516 -0.00238611516 0.0275)
(0.00238611516 -0.00238611516 0.03)
(0.00238611516 -0.00238611516 0.0325)
(0.00238611516 -0.00238611516 0.035)
(0.00238611516 -0.00238611516 0.0375)
(0.00238611516 -0.00238611516 0.04)
(0.00238611516 -0.00238611516 0.0425)
(0.00238611516 -0.00238611516 0.045)
(0.00238611516 -0.00238611516 0.0475)
(-0.00125 -0.00125 0.0025)
(-0.00125 -0.00125 0.005)
(-0.00125 -0.00125 0.0075)
(-0.00125 -0.00125 0.01)
(-0.00125 -0.00125 0.0125)
(-0.00125 -0.00125 0.015)
(-0.00125 -0.00125 0.0175)
(-0.00125 -0.00125 0.02)
(-0.00125 -0.00125 0.0225)
(-0.00125 -0.00125 0.025)
(-0.00125 -0.00125 0.0275)
(-0.00125 -0.00125 0.03)
(-0.00125 -0.00125 0.0325)
(-0.00125 -0.00125 0.035)
(-0.00125 -0.00125 0.0375)
(-0.00125 -0.00125 0.04)
(-0.00125 -0.00125 0.0425)
(-0.00125 -0.00125 0.045)
(-0.00125 -0.00125 0.0475)
(0.00149143586 0.001425230807 0.0025)
(0.00149143586 0.001425230807 0.005)
(0.00149143586 0.001425230807 0.0075)
(0.00149143586 0.001425230807 0.01)
(0.00149143586 0.001425230807 0.0125)
(0.00149143586 0.001425230807 0.015)
(0.00149143586 0.001425230807 0.0175)
(0.00149143586 0.001425230807 0.02)
(0.00149143586 0.001425230807 0.0225)
(0.00149143586 0.001425230807 0.025)
(0.00149143586 0.001425230807 0.0275)
(0.00149143586 0.001425230807 0.03)
(0.00149143586 0.001425230807 0.0325)
(0.00149143586 0.001425230807 0.035)
(0.00149143586 0.001425230807 0.0375)
(0.00149143586 0.001425230807 0.04)
(0.00149143586 0.001425230807 0.0425)
(0.00149143586 0.001425230807 0.045)
(0.00149143586 0.001425230807 0.0475)
(-0.0021875 0.0021875 0.0025)
(-0.0021875 0.0021875 0.005)
(-0.0021875 0.0021875 0.0075)
(-0.0021875 0.0021875 0.01)
(-0.0021875 0.0021875 0.0125)
(-0.0021875 0.0021875 0.015)
(-0.0021875 0.0021875 0.0175)
(-0.0021875 0.0021875 0.02)
(-0.0021875 0.0021875 0.0225)
(-0.0021875 0.0021875 0.025)
(-0.0021875 0.0021875 0.0275)
(-0.0021875 0.0021875 0.03)
(-0.0021875 0.0021875 0.0325)
(-0.0021875 0.0021875 0.035)
(-0.0021875 0.0021875 0.0375)
(-0.0021875 0.0021875 0.04)
(-0.0021875 0.0021875 0.0425)
(-0.0021875 0.0021875 0.045)
(-0.0021875 0.0021875 0.0475)
(0.00324571793 0.003212615403 0.00125)
(0.00149143586 0.001425230807 0.00125)
(0.00074571793 0.003212615403 0.00125)
(0.00324571793 0.003212615403 0.0025)
(0.00074571793 0.003212615403 0.0025)
(0.00324571793 0.003212615403 0.00375)
(0.00149143586 0.001425230807 0.00375)
(0.00074571793 0.003212615403 0.00375)
(0.00324571793 0.003212615403 0.005)
(0.00074571793 0.003212615403 0.005)
(0.00324571793 0.003212615403 0.00625)
(0.00149143586 0.001425230807 0.00625)
(0.00074571793 0.003212615403 0.00625)
(0.00324571793 0.003212615403 0.0075)
(0.00074571793 0.003212615403 0.0075)
(0.00324571793 0.003212615403 0.00875)
(0.00149143586 0.001425230807 0.00875)
(0.00074571793 0.003212615403 0.00875)
(0.00324571793 0.003212615403 0.01)
(0.00074571793 0.003212615403 0.01)
(0.00324571793 0.003212615403 0.01125)
(0.00149143586 0.001425230807 0.01125)
(0.00074571793 0.003212615403 0.01125)
(0.00324571793 0.003212615403 0.0125)
(0.00074571793 0.003212615403 0.0125)
(0.00324571793 0.003212615403 0.01375)
(0.00149143586 0.001425230807 0.01375)
(0.00074571793 0.003212615403 0.01375)
(0.00324571793 0.003212615403 0.015)
(0.00074571793 0.003212615403 0.015)
(0.00324571793 0.003212615403 0.01625)
(0.00149143586 0.001425230807 0.01625)
(0.00074571793 0.003212615403 0.01625)
(0.00324571793 0.003212615403 0.0175)
(0.00074571793 0.003212615403 0.0175)
(0.00324571793 0.003212615403 0.01875)
(0.00149143586 0.001425230807 0.01875)
(0.00074571793 0.003212615403 0.01875)
(0.00324571793 0.003212615403 0.02)
(0.00074571793 0.003212615403 0.02)
(0.00324571793 0.003212615403 0.02125)
(0.00149143586 0.001425230807 0.02125)
(0.00074571793 0.003212615403 0.02125)
(0.00324571793 0.003212615403 0.0225)
(0.00074571793 0.003212615403 0.0225)
(0.00324571793 0.003212615403 0.02375)
(0.00149143586 0.001425230807 0.02375)
(0.00074571793 0.003212615403 0.02375)
(0.00324571793 0.003212615403 0.025)
(0.00074571793 0.003212615403 0.025)
(0.00324571793 0.003212615403 0.02625)
(0.00149143586 0.001425230807 0.02625)
(0.00074571793 0.003212615403 0.02625)
(0.00324571793 0.003212615403 0.0275)
(0.00074571793 0.003212615403 0.0275)
(0.00324571793 0.003212615403 0.02875)
(0.00149143586 0.001425230807 0.02875)
(0.00074571793 0.003212615403 0.02875)
(0.00324571793 0.003212615403 0.03)
(0.00074571793 0.003212615403 0.03)
(0.00324571793 0.003212615403 0.03125)
(0.00149143586 0.001425230807 0.03125)
(0.00074571793 0.003212615403 0.03125)
(0.00324571793 0.003212615403 0.0325)
(0.00074571793 0.003212615403 0.0325)
(0.00324571793 0.003212615403 0.03375)
(0.00149143586 0.001425230807 0.03375)
(0.00074571793 0.003212615403 0.03375)
(0.00324571793 0.003212615403 0.035)
(0.00074571793 0.003212615403 0.035)
(0.00324571793 0.003212615403 0.03625)
(0.00149143586 0.001425230807 0.03625)
(0.00074571793 0.003212615403 0.03625)
(0.00324571793 0.003212615403 0.0375)
(0.00074571793 0.003212615403 0.0375)
(0.00324571793 0.003212615403 0.03875)
(0.00149143586 0.001425230807 0.03875)
(0.00074571793 0.003212615403 0.03875)
(0.00324571793 0.003212615403 0.04)
(0.00074571793 0.003212615403 0.04)
(0.00324571793 0.003212615403 0.04125)
(0.00149143586 0.001425230807 0.04125)
(0.00074571793 0.003212615403 0.04125)
(0.00324571793 0.003212615403 0.0425)
(0.00074571793 0.003212615403 0.0425)
(0.00324571793 0.003212615403 0.04375)
(0.00149143586 0.001425230807 0.04375)
(0.00074571793 0.003212615403 0.04375)
(0.00324571793 0.003212615403 0.045)
(0.00074571793 0.003212615403 0.045)
(0.00324571793 0.003212615403 0.04625)
(0.00149143586 0.001425230807 0.04625)
(0.00074571793 0.003212615403 0.04625)
(0.00324571793 0.003212615403 0.0475)
(0.00074571793 0.003212615403 0.0475)
(0.00324571793 0.003212615403 0.04875)
(0.00149143586 0.001425230807 0.04875)
(0.00074571793 0.003212615403 0.04875)
(-0.003125 -0.003125 0.00125)
(-0.00125 -0.00125 0.00125)
(-0.000625 -0.003125 0.00125)
(-0.003125 -0.003125 0.0025)
(-0.000625 -0.003125 0.0025)
(-0.003125 -0.003125 0.00375)
(-0.00125 -0.00125 0.00375)
(-0.000625 -0.003125 0.00375)
(-0.003125 -0.003125 0.005)
(-0.000625 -0.003125 0.005)
(-0.003125 -0.003125 0.00625)
(-0.00125 -0.00125 0.00625)
(-0.000625 -0.003125 0.00625)
(-0.003125 -0.003125 0.0075)
(-0.000625 -0.003125 0.0075)
(-0.003125 -0.003125 0.00875)
(-0.00125 -0.00125 0.00875)
(-0.000625 -0.003125 0.00875)
(-0.003125 -0.003125 0.01)
(-0.000625 -0.003125 0.01)
(-0.003125 -0.003125 0.01125)
(-0.00125 -0.00125 0.01125)
(-0.000625 -0.003125 0.01125)
(-0.003125 -0.003125 0.0125)
(-0.000625 -0.003125 0.0125)
(-0.003125 -0.003125 0.01375)
(-0.00125 -0.00125 0.01375)
(-0.000625 -0.003125 0.01375)
(-0.003125 -0.003125 0.015)
(-0.000625 -0.003125 0.015)
(-0.003125 -0.003125 0.01625)
(-0.00125 -0.00125 0.01625)
(-0.000625 -0.003125 0.01625)
(-0.003125 -0.003125 0.0175)
(-0.000625 -0.003125 0.0175)
(-0.003125 -0.003125 0.01875)
(-0.00125 -0.00125 0.01875)
(-0.000625 -0.003125 0.01875)
(-0.003125 -0.003125 0.02)
(-0.000625 -0.003125 0.02)
(-0.003125 -0.003125 0.02125)
(-0.00125 -0.00125 0.02125)
(-0.000625 -0.003125 0.02125)
(-0.003125 -0.003125 0.0225)
(-0.000625 -0.003125 0.0225)
(-0.003125 -0.003125 0.02375)
(-0.00125 -0.00125 0.02375)
(-0.000625 -0.003125 0.02375)
(-0.003125 -0.003125 0.025)
(-0.000625 -0.003125 0.025)
(-0.003125 -0.003125 0.02625)
(-0.00125 -0.00125 0.02625)
(-0.000625 -0.003125 0.02625)
(-0.003125 -0.003125 0.0275)
(-0.000625 -0.003125 0.0275)
(-0.003125 -0.003125 0.02875)
(-0.00125 -0.00125 0.02875)
(-0.000625 -0.003125 0.02875)
(-0.003125 -0.003125 0.03)
(-0.000625 -0.003125 0.03)
(-0.003125 -0.003125 0.03125)
(-0.00125 -0.00125 0.03125)
(-0.000625 -0.003125 0.03125)
(-0.003125 -0.003125 0.0325)
(-0.000625 -0.003125 0.0325)
(-0.003125 -0.003125 0.03375)
(-0.00125 -0.00125 0.03375)
(-0.000625 -0.003125 0.03375)
(-0.003125 -0.003125 0.035)
(-0.000625 -0.003125 0.035)
(-0.003125 -0.003125 0.03625)
(-0.00125 -0.00125 0.03625)
(-0.000625 -0.003125 0.03625)
(-0.003125 -0.003125 0.0375)
(-0.000625 -0.003125 0.0375)
(-0.003125 -0.003125 0.03875)
(-0.00125 -0.00125 0.03875)
(-0.000625 -0.003125 0.03875)
(-0.003125 -0.003125 0.04)
(-0.000625 -0.003125 0.04)
(-0.003125 -0.003125 0.04125)
(-0.00125 -0.00125 0.04125)
(-0.000625 -0.003125 0.04125)
(-0.003125 -0.003125 0.0425)
(-0.000625 -0.003125 0.0425)
(-0.003125 -0.003125 0.04375)
(-0.00125 -0.00125 0.04375)
(-0.000625 -0.003125 0.04375)
(-0.003125 -0.003125 0.045)
(-0.000625 -0.003125 0.045)
(-0.003125 -0.003125 0.04625)
(-0.00125 -0.00125 0.04625)
(-0.000625 -0.003125 0.04625)
(-0.003125 -0.003125 0.0475)
(-0.000625 -0.003125 0.0475)
(-0.003125 -0.003125 0.04875)
(-0.00125 -0.00125 0.04875)
(-0.000625 -0.003125 0.04875)
(-0.003125 -0.000625 0.00125)
(-0.003125 -0.000625 0.0025)
(-0.003125 -0.000625 0.00375)
(-0.003125 -0.000625 0.005)
(-0.003125 -0.000625 0.00625)
(-0.003125 -0.000625 0.0075)
(-0.003125 -0.000625 0.00875)
(-0.003125 -0.000625 0.01)
(-0.003125 -0.000625 0.01125)
(-0.003125 -0.000625 0.0125)
(-0.003125 -0.000625 0.01375)
(-0.003125 -0.000625 0.015)
(-0.003125 -0.000625 0.01625)
(-0.003125 -0.000625 0.0175)
(-0.003125 -0.000625 0.01875)
(-0.003125 -0.000625 0.02)
(-0.003125 -0.000625 0.02125)
(-0.003125 -0.000625 0.0225)
(-0.003125 -0.000625 0.02375)
(-0.003125 -0.000625 0.025)
(-0.003125 -0.000625 0.02625)
(-0.003125 -0.000625 0.0275)
(-0.003125 -0.000625 0.02875)
(-0.003125 -0.000625 0.03)
(-0.003125 -0.000625 0.03125)
(-0.003125 -0.000625 0.0325)
(-0.003125 -0.000625 0.03375)
(-0.003125 -0.000625 0.035)
(-0.003125 -0.000625 0.03625)
(-0.003125 -0.000625 0.0375)
(-0.003125 -0.000625 0.03875)
(-0.003125 -0.000625 0.04)
(-0.003125 -0.000625 0.04125)
(-0.003125 -0.000625 0.0425)
(-0.003125 -0.000625 0.04375)
(-0.003125 -0.000625 0.045)
(-0.003125 -0.000625 0.04625)
(-0.003125 -0.000625 0.0475)
(-0.003125 -0.000625 0.04875)
(0.00324571793 0.0007126154033 0.00125)
(0.00324571793 0.0007126154033 0.0025)
(0.00324571793 0.0007126154033 0.00375)
(0.00324571793 0.0007126154033 0.005)
(0.00324571793 0.0007126154033 0.00625)
(0.00324571793 0.0007126154033 0.0075)
(0.00324571793 0.0007126154033 0.00875)
(0.00324571793 0.0007126154033 0.01)
(0.00324571793 0.0007126154033 0.01125)
(0.00324571793 0.0007126154033 0.0125)
(0.00324571793 0.0007126154033 0.01375)
(0.00324571793 0.0007126154033 0.015)
(0.00324571793 0.0007126154033 0.01625)
(0.00324571793 0.0007126154033 0.0175)
(0.00324571793 0.0007126154033 0.01875)
(0.00324571793 0.0007126154033 0.02)
(0.00324571793 0.0007126154033 0.02125)
(0.00324571793 0.0007126154033 0.0225)
(0.00324571793 0.0007126154033 0.02375)
(0.00324571793 0.0007126154033 0.025)
(0.00324571793 0.0007126154033 0.02625)
(0.00324571793 0.0007126154033 0.0275)
(0.00324571793 0.0007126154033 0.02875)
(0.00324571793 0.0007126154033 0.03)
(0.00324571793 0.0007126154033 0.03125)
(0.00324571793 0.0007126154033 0.0325)
(0.00324571793 0.0007126154033 0.03375)
(0.00324571793 0.0007126154033 0.035)
(0.00324571793 0.0007126154033 0.03625)
(0.00324571793 0.0007126154033 0.0375)
(0.00324571793 0.0007126154033 0.03875)
(0.00324571793 0.0007126154033 0.04)
(0.00324571793 0.0007126154033 0.04125)
(0.00324571793 0.0007126154033 0.0425)
(0.00324571793 0.0007126154033 0.04375)
(0.00324571793 0.0007126154033 0.045)
(0.00324571793 0.0007126154033 0.04625)
(0.00324571793 0.0007126154033 0.0475)
(0.00324571793 0.0007126154033 0.04875)
(-0.00109375 0.00359375 0.00125)
(-0.0021875 0.0021875 0.00125)
(-0.00359375 0.00359375 0.00125)
(-0.00109375 0.00359375 0.0025)
(-0.00359375 0.00359375 0.0025)
(-0.00109375 0.00359375 0.00375)
(-0.0021875 0.0021875 0.00375)
(-0.00359375 0.00359375 0.00375)
(-0.00109375 0.00359375 0.005)
(-0.00359375 0.00359375 0.005)
(-0.00109375 0.00359375 0.00625)
(-0.0021875 0.0021875 0.00625)
(-0.00359375 0.00359375 0.00625)
(-0.00109375 0.00359375 0.0075)
(-0.00359375 0.00359375 0.0075)
(-0.00109375 0.00359375 0.00875)
(-0.0021875 0.0021875 0.00875)
(-0.00359375 0.00359375 0.00875)
(-0.00109375 0.00359375 0.01)
(-0.00359375 0.00359375 0.01)
(-0.00109375 0.00359375 0.01125)
(-0.0021875 0.0021875 0.01125)
(-0.00359375 0.00359375 0.01125)
(-0.00109375 0.00359375 0.0125)
(-0.00359375 0.00359375 0.0125)
(-0.00109375 0.00359375 0.01375)
(-0.0021875 0.0021875 0.01375)
(-0.00359375 0.00359375 0.01375)
(-0.00109375 0.00359375 0.015)
(-0.00359375 0.00359375 0.015)
(-0.00109375 0.00359375 0.01625)
(-0.0021875 0.0021875 0.01625)
(-0.00359375 0.00359375 0.01625)
(-0.00109375 0.00359375 0.0175)
(-0.00359375 0.00359375 0.0175)
(-0.00109375 0.00359375 0.01875)
(-0.0021875 0.0021875 0.01875)
(-0.00359375 0.00359375 0.01875)
(-0.00109375 0.00359375 0.02)
(-0.00359375 0.00359375 0.02)
(-0.00109375 0.00359375 0.02125)
(-0.0021875 0.0021875 0.02125)
(-0.00359375 0.00359375 0.02125)
(-0.00109375 0.00359375 0.0225)
(-0.00359375 0.00359375 0.0225)
(-0.00109375 0.00359375 0.02375)
(-0.0021875 0.0021875 0.02375)
(-0.00359375 0.00359375 0.02375)
(-0.00109375 0.00359375 0.025)
(-0.00359375 0.00359375 0.025)
(-0.00109375 0.00359375 0.02625)
(-0.0021875 0.0021875 0.02625)
(-0.00359375 0.00359375 0.02625)
(-0.00109375 0.00359375 0.0275)
(-0.00359375 0.00359375 0.0275)
(-0.00109375 0.00359375 0.02875)
(-0.0021875 0.0021875 0.02875)
(-0.00359375 0.00359375 0.02875)
(-0.00109375 0.00359375 0.03)
(-0.00359375 0.00359375 0.03)
(-0.00109375 0.00359375 0.03125)
(-0.0021875 0.0021875 0.03125)
(-0.00359375 0.00359375 0.03125)
(-0.00109375 0.00359375 0.0325)
(-0.00359375 0.00359375 0.0325)
(-0.00109375 0.00359375 0.03375)
(-0.0021875 0.0021875 0.03375)
(-0.00359375 0.00359375 0.03375)
(-0.00109375 0.00359375 0.035)
(-0.00359375 0.00359375 0.035)
(-0.00109375 0.00359375 0.03625)
(-0.0021875 0.0021875 0.03625)
(-0.00359375 0.00359375 0.03625)
(-0.00109375 0.00359375 0.0375)
(-0.00359375 0.00359375 0.0375)
(-0.00109375 0.00359375 0.03875)
(-0.0021875 0.0021875 0.03875)
(-0.00359375 0.00359375 0.03875)
(-0.00109375 0.00359375 0.04)
(-0.00359375 0.00359375 0.04)
(-0.00109375 0.00359375 0.04125)
(-0.0021875 0.0021875 0.04125)
(-0.00359375 0.00359375 0.04125)
(-0.00109375 0.00359375 0.0425)
(-0.00359375 0.00359375 0.0425)
(-0.00109375 0.00359375 0.04375)
(-0.0021875 0.0021875 0.04375)
(-0.00359375 0.00359375 0.04375)
(-0.00109375 0.00359375 0.045)
(-0.00359375 0.00359375 0.045)
(-0.00109375 0.00359375 0.04625)
(-0.0021875 0.0021875 0.04625)
(-0.00359375 0.00359375 0.04625)
(-0.00109375 0.00359375 0.0475)
(-0.00359375 0.00359375 0.0475)
(-0.00109375 0.00359375 0.04875)
(-0.0021875 0.0021875 0.04875)
(-0.00359375 0.00359375 0.04875)
(-0.00359375 0.00109375 0.00125)
(-0.00359375 0.00109375 0.0025)
(-0.00359375 0.00109375 0.00375)
(-0.00359375 0.00109375 0.005)
(-0.00359375 0.00109375 0.00625)
(-0.00359375 0.00109375 0.0075)
(-0.00359375 0.00109375 0.00875)
(-0.00359375 0.00109375 0.01)
(-0.00359375 0.00109375 0.01125)
(-0.00359375 0.00109375 0.0125)
(-0.00359375 0.00109375 0.01375)
(-0.00359375 0.00109375 0.015)
(-0.00359375 0.00109375 0.01625)
(-0.00359375 0.00109375 0.0175)
(-0.00359375 0.00109375 0.01875)
(-0.00359375 0.00109375 0.02)
(-0.00359375 0.00109375 0.02125)
(-0.00359375 0.00109375 0.0225)
(-0.00359375 0.00109375 0.02375)
(-0.00359375 0.00109375 0.025)
(-0.00359375 0.00109375 0.02625)
(-0.00359375 0.00109375 0.0275)
(-0.00359375 0.00109375 0.02875)
(-0.00359375 0.00109375 0.03)
(-0.00359375 0.00109375 0.03125)
(-0.00359375 0.00109375 0.0325)
(-0.00359375 0.00109375 0.03375)
(-0.00359375 0.00109375 0.035)
(-0.00359375 0.00109375 0.03625)
(-0.00359375 0.00109375 0.0375)
(-0.00359375 0.00109375 0.03875)
(-0.00359375 0.00109375 0.04)
(-0.00359375 0.00109375 0.04125)
(-0.00359375 0.00109375 0.0425)
(-0.00359375 0.00109375 0.04375)
(-0.00359375 0.00109375 0.045)
(-0.00359375 0.00109375 0.04625)
(-0.00359375 0.00109375 0.0475)
(-0.00359375 0.00109375 0.04875)
(0.00119305758 -0.00369305758 0.00125)
(0.00238611516 -0.00238611516 0.00125)
(0.00369305758 -0.00369305758 0.00125)
(0.00119305758 -0.00369305758 0.0025)
(0.00369305758 -0.00369305758 0.0025)
(0.00119305758 -0.00369305758 0.00375)
(0.00238611516 -0.00238611516 0.00375)
(0.00369305758 -0.00369305758 0.00375)
(0.00119305758 -0.00369305758 0.005)
(0.00369305758 -0.00369305758 0.005)
(0.00119305758 -0.00369305758 0.00625)
(0.00238611516 -0.00238611516 0.00625)
(0.00369305758 -0.00369305758 0.00625)
(0.00119305758 -0.00369305758 0.0075)
(0.00369305758 -0.00369305758 0.0075)
(0.00119305758 -0.00369305758 0.00875)
(0.00238611516 -0.00238611516 0.00875)
(0.00369305758 -0.00369305758 0.00875)
(0.00119305758 -0.00369305758 0.01)
(0.00369305758 -0.00369305758 0.01)
(0.00119305758 -0.00369305758 0.01125)
(0.00238611516 -0.00238611516 0.01125)
(0.00369305758 -0.00369305758 0.01125)
(0.00119305758 -0.00369305758 0.0125)
(0.00369305758 -0.00369305758 0.0125)
(0.00119305758 -0.00369305758 0.01375)
(0.00238611516 -0.00238611516 0.01375)
(0.00369305758 -0.00369305758 0.01375)
(0.00119305758 -0.00369305758 0.015)
(0.00369305758 -0.00369305758 0.015)
(0.00119305758 -0.00369305758 0.01625)
(0.00238611516 -0.00238611516 0.01625)
(0.00369305758 -0.00369305758 0.01625)
(0.00119305758 -0.00369305758 0.0175)
(0.00369305758 -0.00369305758 0.0175)
(0.00119305758 -0.00369305758 0.01875)
(0.00238611516 -0.00238611516 0.01875)
(0.00369305758 -0.00369305758 0.01875)
(0.00119305758 -0.00369305758 0.02)
(0.00369305758 -0.00369305758 0.02)
(0.00119305758 -0.00369305758 0.02125)
(0.00238611516 -0.00238611516 0.02125)
(0.00369305758 -0.00369305758 0.02125)
(0.00119305758 -0.00369305758 0.0225)
(0.00369305758 -0.00369305758 0.0225)
(0.00119305758 -0.00369305758 0.02375)
(0.00238611516 -0.00238611516 0.02375)
(0.00369305758 -0.00369305758 0.02375)
(0.00119305758 -0.00369305758 0.025)
(0.00369305758 -0.00369305758 0.025)
(0.00119305758 -0.00369305758 0.02625)
(0.00238611516 -0.00238611516 0.02625)
(0.00369305758 -0.00369305758 0.02625)
(0.00119305758 -0.00369305758 0.0275)
(0.00369305758 -0.00369305758 0.0275)
(0.00119305758 -0.00369305758 0.02875)
(0.00238611516 -0.00238611516 0.02875)
(0.00369305758 -0.00369305758 0.02875)
(0.00119305758 -0.00369305758 0.03)
(0.00369305758 -0.00369305758 0.03)
(0.00119305758 -0.00369305758 0.03125)
(0.00238611516 -0.00238611516 0.03125)
(0.00369305758 -0.00369305758 0.03125)
(0.00119305758 -0.00369305758 0.0325)
(0.00369305758 -0.00369305758 0.0325)
(0.00119305758 -0.00369305758 0.03375)
(0.00238611516 -0.00238611516 0.03375)
(0.00369305758 -0.00369305758 0.03375)
(0.00119305758 -0.00369305758 0.035)
(0.00369305758 -0.00369305758 0.035)
(0.00119305758 -0.00369305758 0.03625)
(0.00238611516 -0.00238611516 0.03625)
(0.00369305758 -0.00369305758 0.03625)
(0.00119305758 -0.00369305758 0.0375)
(0.00369305758 -0.00369305758 0.0375)
(0.00119305758 -0.00369305758 0.03875)
(0.00238611516 -0.00238611516 0.03875)
(0.00369305758 -0.00369305758 0.03875)
(0.00119305758 -0.00369305758 0.04)
(0.00369305758 -0.00369305758 0.04)
(0.00119305758 -0.00369305758 0.04125)
(0.00238611516 -0.00238611516 0.04125)
(0.00369305758 -0.00369305758 0.04125)
(0.00119305758 -0.00369305758 0.0425)
(0.00369305758 -0.00369305758 0.0425)
(0.00119305758 -0.00369305758 0.04375)
(0.00238611516 -0.00238611516 0.04375)
(0.00369305758 -0.00369305758 0.04375)
(0.00119305758 -0.00369305758 0.045)
(0.00369305758 -0.00369305758 0.045)
(0.00119305758 -0.00369305758 0.04625)
(0.00238611516 -0.00238611516 0.04625)
(0.00369305758 -0.00369305758 0.04625)
(0.00119305758 -0.00369305758 0.0475)
(0.00369305758 -0.00369305758 0.0475)
(0.00119305758 -0.00369305758 0.04875)
(0.00238611516 -0.00238611516 0.04875)
(0.00369305758 -0.00369305758 0.04875)
(0.00369305758 -0.00119305758 0.00125)
(0.00369305758 -0.00119305758 0.0025)
(0.00369305758 -0.00119305758 0.00375)
(0.00369305758 -0.00119305758 0.005)
(0.00369305758 -0.00119305758 0.00625)
(0.00369305758 -0.00119305758 0.0075)
(0.00369305758 -0.00119305758 0.00875)
(0.00369305758 -0.00119305758 0.01)
(0.00369305758 -0.00119305758 0.01125)
(0.00369305758 -0.00119305758 0.0125)
(0.00369305758 -0.00119305758 0.01375)
(0.00369305758 -0.00119305758 0.015)
(0.00369305758 -0.00119305758 0.01625)
(0.00369305758 -0.00119305758 0.0175)
(0.00369305758 -0.00119305758 0.01875)
(0.00369305758 -0.00119305758 0.02)
(0.00369305758 -0.00119305758 0.02125)
(0.00369305758 -0.00119305758 0.0225)
(0.00369305758 -0.00119305758 0.02375)
(0.00369305758 -0.00119305758 0.025)
(0.00369305758 -0.00119305758 0.02625)
(0.00369305758 -0.00119305758 0.0275)
(0.00369305758 -0.00119305758 0.02875)
(0.00369305758 -0.00119305758 0.03)
(0.00369305758 -0.00119305758 0.03125)
(0.00369305758 -0.00119305758 0.0325)
(0.00369305758 -0.00119305758 0.03375)
(0.00369305758 -0.00119305758 0.035)
(0.00369305758 -0.00119305758 0.03625)
(0.00369305758 -0.00119305758 0.0375)
(0.00369305758 -0.00119305758 0.03875)
(0.00369305758 -0.00119305758 0.04)
(0.00369305758 -0.00119305758 0.04125)
(0.00369305758 -0.00119305758 0.0425)
(0.00369305758 -0.00119305758 0.04375)
(0.00369305758 -0.00119305758 0.045)
(0.00369305758 -0.00119305758 0.04625)
(0.00369305758 -0.00119305758 0.0475)
(0.00369305758 -0.00119305758 0.04875)
(-0.00034803207 0.001806365403 0.00125)
(-0.00034803207 0.001806365403 0.0025)
(-0.00034803207 0.001806365403 0.00375)
(-0.00034803207 0.001806365403 0.005)
(-0.00034803207 0.001806365403 0.00625)
(-0.00034803207 0.001806365403 0.0075)
(-0.00034803207 0.001806365403 0.00875)
(-0.00034803207 0.001806365403 0.01)
(-0.00034803207 0.001806365403 0.01125)
(-0.00034803207 0.001806365403 0.0125)
(-0.00034803207 0.001806365403 0.01375)
(-0.00034803207 0.001806365403 0.015)
(-0.00034803207 0.001806365403 0.01625)
(-0.00034803207 0.001806365403 0.0175)
(-0.00034803207 0.001806365403 0.01875)
(-0.00034803207 0.001806365403 0.02)
(-0.00034803207 0.001806365403 0.02125)
(-0.00034803207 0.001806365403 0.0225)
(-0.00034803207 0.001806365403 0.02375)
(-0.00034803207 0.001806365403 0.025)
(-0.00034803207 0.001806365403 0.02625)
(-0.00034803207 0.001806365403 0.0275)
(-0.00034803207 0.001806365403 0.02875)
(-0.00034803207 0.001806365403 0.03)
(-0.00034803207 0.001806365403 0.03125)
(-0.00034803207 0.001806365403 0.0325)
(-0.00034803207 0.001806365403 0.03375)
(-0.00034803207 0.001806365403 0.035)
(-0.00034803207 0.001806365403 0.03625)
(-0.00034803207 0.001806365403 0.0375)
(-0.00034803207 0.001806365403 0.03875)
(-0.00034803207 0.001806365403 0.04)
(-0.00034803207 0.001806365403 0.04125)
(-0.00034803207 0.001806365403 0.0425)
(-0.00034803207 0.001806365403 0.04375)
(-0.00034803207 0.001806365403 0.045)
(-0.00034803207 0.001806365403 0.04625)
(-0.00034803207 0.001806365403 0.0475)
(-0.00034803207 0.001806365403 0.04875)
(0.0005680575802 -0.00181805758 0.00125)
(0.0005680575802 -0.00181805758 0.0025)
(0.0005680575802 -0.00181805758 0.00375)
(0.0005680575802 -0.00181805758 0.005)
(0.0005680575802 -0.00181805758 0.00625)
(0.0005680575802 -0.00181805758 0.0075)
(0.0005680575802 -0.00181805758 0.00875)
(0.0005680575802 -0.00181805758 0.01)
(0.0005680575802 -0.00181805758 0.01125)
(0.0005680575802 -0.00181805758 0.0125)
(0.0005680575802 -0.00181805758 0.01375)
(0.0005680575802 -0.00181805758 0.015)
(0.0005680575802 -0.00181805758 0.01625)
(0.0005680575802 -0.00181805758 0.0175)
(0.0005680575802 -0.00181805758 0.01875)
(0.0005680575802 -0.00181805758 0.02)
(0.0005680575802 -0.00181805758 0.02125)
(0.0005680575802 -0.00181805758 0.0225)
(0.0005680575802 -0.00181805758 0.02375)
(0.0005680575802 -0.00181805758 0.025)
(0.0005680575802 -0.00181805758 0.02625)
(0.0005680575802 -0.00181805758 0.0275)
(0.0005680575802 -0.00181805758 0.02875)
(0.0005680575802 -0.00181805758 0.03)
(0.0005680575802 -0.00181805758 0.03125)
(0.0005680575802 -0.00181805758 0.0325)
(0.0005680575802 -0.00181805758 0.03375)
(0.0005680575802 -0.00181805758 0.035)
(0.0005680575802 -0.00181805758 0.03625)
(0.0005680575802 -0.00181805758 0.0375)
(0.0005680575802 -0.00181805758 0.03875)
(0.0005680575802 -0.00181805758 0.04)
(0.0005680575802 -0.00181805758 0.04125)
(0.0005680575802 -0.00181805758 0.0425)
(0.0005680575802 -0.00181805758 0.04375)
(0.0005680575802 -0.00181805758 0.045)
(0.0005680575802 -0.00181805758 0.04625)
(0.0005680575802 -0.00181805758 0.0475)
(0.0005680575802 -0.00181805758 0.04875)
(0.00012071793 8.76154033e-05 0.00125)
(0.00193877551 -0.0004804421769 0.00125)
(0.00012071793 8.76154033e-05 0.0025)
(0.00193877551 -0.0004804421769 0.0025)
(0.00012071793 8.76154033e-05 0.00375)
(0.00193877551 -0.0004804421769 0.00375)
(0.00012071793 8.76154033e-05 0.005)
(0.00193877551 -0.0004804421769 0.005)
(0.00012071793 8.76154033e-05 0.00625)
(0.00193877551 -0.0004804421769 0.00625)
(0.00012071793 8.76154033e-05 0.0075)
(0.00193877551 -0.0004804421769 0.0075)
(0.00012071793 8.76154033e-05 0.00875)
(0.00193877551 -0.0004804421769 0.00875)
(0.00012071793 8.76154033e-05 0.01)
(0.00193877551 -0.0004804421769 0.01)
(0.00012071793 8.76154033e-05 0.01125)
(0.00193877551 -0.0004804421769 0.01125)
(0.00012071793 8.76154033e-05 0.0125)
(0.00193877551 -0.0004804421769 0.0125)
(0.00012071793 8.76154033e-05 0.01375)
(0.00193877551 -0.0004804421769 0.01375)
(0.00012071793 8.76154033e-05 0.015)
(0.00193877551 -0.0004804421769 0.015)
(0.00012071793 8.76154033e-05 0.01625)
(0.00193877551 -0.0004804421769 0.01625)
(0.00012071793 8.76154033e-05 0.0175)
(0.00193877551 -0.0004804421769 0.0175)
(0.00012071793 8.76154033e-05 0.01875)
(0.00193877551 -0.0004804421769 0.01875)
(0.00012071793 8.76154033e-05 0.02)
(0.00193877551 -0.0004804421769 0.02)
(0.00012071793 8.76154033e-05 0.02125)
(0.00193877551 -0.0004804421769 0.02125)
(0.00012071793 8.76154033e-05 0.0225)
(0.00193877551 -0.0004804421769 0.0225)
(0.00012071793 8.76154033e-05 0.02375)
(0.00193877551 -0.0004804421769 0.02375)
(0.00012071793 8.76154033e-05 0.025)
(0.00193877551 -0.0004804421769 0.025)
(0.00012071793 8.76154033e-05 0.02625)
(0.00193877551 -0.0004804421769 0.02625)
(0.00012071793 8.76154033e-05 0.0275)
(0.00193877551 -0.0004804421769 0.0275)
(0.00012071793 8.76154033e-05 0.02875)
(0.00193877551 -0.0004804421769 0.02875)
(0.00012071793 8.76154033e-05 0.03)
(0.00193877551 -0.0004804421769 0.03)
(0.00012071793 8.76154033e-05 0.03125)
(0.00193877551 -0.0004804421769 0.03125)
(0.00012071793 8.76154033e-05 0.0325)
(0.00193877551 -0.0004804421769 0.0325)
(0.00012071793 8.76154033e-05 0.03375)
(0.00193877551 -0.0004804421769 0.03375)
(0.00012071793 8.76154033e-05 0.035)
(0.00193877551 -0.0004804421769 0.035)
(0.00012071793 8.76154033e-05 0.03625)
(0.00193877551 -0.0004804421769 0.03625)
(0.00012071793 8.76154033e-05 0.0375)
(0.00193877551 -0.0004804421769 0.0375)
(0.00012071793 8.76154033e-05 0.03875)
(0.00193877551 -0.0004804421769 0.03875)
(0.00012071793 8.76154033e-05 0.04)
(0.00193877551 -0.0004804421769 0.04)
(0.00012071793 8.76154033e-05 0.04125)
(0.00193877551 -0.0004804421769 0.04125)
(0.00012071793 8.76154033e-05 0.0425)
(0.00193877551 -0.0004804421769 0.0425)
(0.00012071793 8.76154033e-05 0.04375)
(0.00193877551 -0.0004804421769 0.04375)
(0.00012071793 8.76154033e-05 0.045)
(0.00193877551 -0.0004804421769 0.045)
(0.00012071793 8.76154033e-05 0.04625)
(0.00193877551 -0.0004804421769 0.04625)
(0.00012071793 8.76154033e-05 0.0475)
(0.00193877551 -0.0004804421769 0.0475)
(0.00012071793 8.76154033e-05 0.04875)
(0.00193877551 -0.0004804421769 0.04875)
(-0.00171875 0.00046875 0.00125)
(-0.00171875 0.00046875 0.0025)
(-0.00171875 0.00046875 0.00375)
(-0.00171875 0.00046875 0.005)
(-0.00171875 0.00046875 0.00625)
(-0.00171875 0.00046875 0.0075)
(-0.00171875 0.00046875 0.00875)
(-0.00171875 0.00046875 0.01)
(-0.00171875 0.00046875 0.01125)
(-0.00171875 0.00046875 0.0125)
(-0.00171875 0.00046875 0.01375)
(-0.00171875 0.00046875 0.015)
(-0.00171875 0.00046875 0.01625)
(-0.00171875 0.00046875 0.0175)
(-0.00171875 0.00046875 0.01875)
(-0.00171875 0.00046875 0.02)
(-0.00171875 0.00046875 0.02125)
(-0.00171875 0.00046875 0.0225)
(-0.00171875 0.00046875 0.02375)
(-0.00171875 0.00046875 0.025)
(-0.00171875 0.00046875 0.02625)
(-0.00171875 0.00046875 0.0275)
(-0.00171875 0.00046875 0.02875)
(-0.00171875 0.00046875 0.03)
(-0.00171875 0.00046875 0.03125)
(-0.00171875 0.00046875 0.0325)
(-0.00171875 0.00046875 0.03375)
(-0.00171875 0.00046875 0.035)
(-0.00171875 0.00046875 0.03625)
(-0.00171875 0.00046875 0.0375)
(-0.00171875 0.00046875 0.03875)
(-0.00171875 0.00046875 0.04)
(-0.00171875 0.00046875 0.04125)
(-0.00171875 0.00046875 0.0425)
(-0.00171875 0.00046875 0.04375)
(-0.00171875 0.00046875 0.045)
(-0.00171875 0.00046875 0.04625)
(-0.00171875 0.00046875 0.0475)
(-0.00171875 0.00046875 0.04875)
)


// ************************************************************************* //
