/*--------------------------------*- C++ -*----------------------------------*\
| =========                 |                                                 |
| \\      /  F ield         | OpenFOAM: The Open Source CFD Toolbox           |
|  \\    /   O peration     | Version:  v2012                                 |
|   \\  /    A nd           | Website:  www.openfoam.com                      |
|    \\/     M anipulation  |                                                 |
\*---------------------------------------------------------------------------*/
FoamFile
{
    version     2.0;
    format      ascii;
    class       labelList;
    note        "nPoints:2628  nCells:7096  nFaces:15288  nInternalFaces:13096";
    location    "constant/polyMesh";
    object      neighbour;
}
// * * * * * * * * * * * * * * * * * * * * * * * * * * * * * * * * * * * * * //


13096
(
4
11
4419
5
9
4403
7
10
4401
4418
6
4400
4416
5
6
7
15
7
4422
4404
12
3330
3546
13
3544
15
3328
3547
14
3331
13
14
15
3550
15
3334
20
4409
4467
21
4408
4539
23
4464
4537
22
4411
4465
4536
21
22
4412
23
23
4468
4540
28
32
3537
29
33
3043
31
35
3040
3539
30
3042
3536
29
30
31
36
31
3540
3046
36
4499
37
3546
39
3544
4496
38
3545
4497
37
38
39
39
4500
3549
44
4426
4835
45
4424
4523
47
4427
4521
4834
46
4520
4832
45
46
47
4430
47
4838
4524
52
4473
4563
53
4475
4561
4632
55
4472
4635
54
4560
4633
53
54
4564
55
4476
55
4636
60
4385
4592
61
4384
4507
4593
63
4505
4595
62
4387
4504
61
62
4388
63
4596
63
4508
68
4512
4963
69
4513
4619
71
4515
4617
4960
70
4616
4961
69
70
71
4516
71
4964
4620
76
4568
4707
77
4569
4651
79
4571
4649
4704
78
4648
4705
77
78
79
4572
79
4708
4652
84
4448
4603
4689
85
4601
4691
87
4449
4688
86
4451
4600
85
86
4604
87
4692
87
4452
92
4720
5057
93
4608
5059
95
4611
4721
5056
94
4609
4723
93
94
95
5060
95
4724
4612
100
4752
4825
101
4643
4753
4824
103
4641
4755
102
4640
4827
101
102
4828
103
4756
103
4644
108
4545
4784
109
4547
4696
111
4544
4699
4785
110
4697
4787
109
110
111
4548
111
4788
4700
116
4729
4811
117
4728
5187
119
4808
5185
118
4731
4809
5184
117
118
4732
119
119
4812
5188
124
4761
4883
125
4760
4931
127
4880
4929
126
4763
4881
4928
125
126
4764
127
127
4884
4932
132
4793
4915
133
4667
4792
135
4665
4912
134
4664
4795
4913
133
134
4796
135
135
4916
4668
140
4800
5371
141
4944
5369
143
4801
4947
142
4803
4945
5368
141
142
5372
143
143
4804
4948
148
152
3528
149
153
3224
151
155
3225
3530
150
3226
3529
149
150
151
156
151
3533
3229
156
5011
157
3536
159
3537
5008
158
3538
5009
157
158
159
159
5012
3541
164
4840
4979
165
4842
5755
167
4976
5752
166
4843
4977
5754
165
166
4846
167
167
4980
5758
172
4888
5155
173
5040
5153
175
4889
5043
174
4891
5041
5152
173
174
5156
175
175
4892
5044
180
4737
5136
181
4739
4920
183
4736
4923
5137
182
4921
5139
181
182
183
4740
183
5140
4924
188
4952
5507
189
4953
5171
191
4955
5169
5504
190
5168
5505
189
190
191
4956
191
5508
5172
196
4985
5075
197
4984
5851
199
5072
5849
198
4987
5073
5848
197
198
4988
199
199
5076
5852
204
5017
5107
205
4483
5016
207
4481
5104
206
4480
5019
5105
205
206
5020
207
207
5108
4484
212
5049
5259
213
5048
5339
215
5256
5337
214
5051
5257
5336
213
214
5052
215
215
5260
5340
220
5081
5203
221
5200
5921
223
5083
5201
5920
222
5080
5923
221
222
223
5204
223
5084
5924
228
4579
5112
229
4577
5232
231
5113
5235
230
4576
5115
5233
229
230
4580
231
231
5116
5236
236
5145
5299
237
4867
5144
239
4865
5296
238
4864
5147
5297
237
238
5148
239
239
5300
4868
244
5177
5323
245
5176
5571
247
5320
5569
246
5179
5321
5568
245
246
5180
247
247
5324
5572
252
5209
5355
253
5208
6019
255
5352
6017
254
5211
5353
6016
253
254
5212
255
255
5356
6020
260
4673
5392
261
4672
5243
5393
263
5241
5395
262
4675
5240
261
262
4676
263
5396
263
5244
268
5441
5488
269
5248
5443
271
5251
5440
5489
270
5249
5491
269
270
271
5444
271
5492
5252
276
5027
5304
277
5305
5427
279
5024
5307
5425
278
5025
5424
277
278
279
5308
279
5028
5428
284
5315
5457
5760
285
5456
5761
287
5312
5763
286
5313
5459
285
286
5460
287
5764
287
5316
292
5520
6137
293
5347
5521
6136
295
5345
5523
294
5344
6139
293
294
6140
295
5524
295
5348
300
4769
5552
301
4768
5403
5553
303
5401
5555
302
4771
5400
301
302
4772
303
5556
303
5404
308
5275
5432
309
5433
5643
311
5272
5435
5641
310
5273
5640
309
310
311
5436
311
5276
5644
316
5465
5683
317
5464
5979
319
5680
5977
318
5467
5681
5976
317
318
5468
319
319
5684
5980
324
5497
5715
325
5496
5667
327
5665
5712
326
5499
5664
5713
325
326
5500
327
327
5716
5668
332
5529
5587
333
5528
6147
335
5584
6145
334
5531
5585
6144
333
334
5532
335
335
5588
6148
340
4897
5616
341
4896
5563
5617
343
5561
5619
342
4899
5560
341
342
4900
343
5620
343
5564
348
5593
5779
349
5592
6267
351
5776
6265
350
5595
5777
6264
349
350
5596
351
351
5780
6268
356
5625
5811
357
5123
5624
359
5121
5808
358
5120
5627
5809
357
358
5628
359
359
5812
5124
364
5473
5872
365
5472
5635
5873
367
5633
5875
366
5475
5632
365
366
5476
367
5876
367
5636
372
5896
6073
373
5688
6075
375
5691
5897
6072
374
5689
5899
373
374
375
6076
375
5900
5692
380
3825
5723
5912
381
3824
5913
383
5720
5915
382
3827
5721
381
382
3828
383
5916
383
5724
388
394
3497
3531
389
3496
3528
391
393
3529
390
392
3499
389
390
3500
391
3532
391
397
396
3520
397
3216
399
3218
3521
398
3219
3523
397
398
399
399
3524
3222
404
5744
5835
405
5746
6435
407
5832
6432
406
5747
5833
6434
405
406
5750
407
407
5836
6438
412
5785
5963
413
5784
6395
415
5960
6393
414
5787
5961
6392
413
414
5788
415
415
5964
6396
420
5281
6000
421
5283
5816
423
5280
5819
6001
422
5817
6003
421
422
423
5284
423
6004
5820
428
3450
4993
429
433
4995
431
434
3448
4992
430
432
3451
429
430
431
4996
431
3454
437
436
3504
437
3496
439
3498
3505
438
3499
3507
437
438
439
439
3508
3502
444
5827
5937
6490
445
5824
6491
447
5825
5939
446
5936
6488
445
446
6494
447
5828
447
5940
452
5699
5880
453
3859
5881
455
3857
5696
5883
454
3856
5697
453
454
455
5884
455
5700
3860
460
3891
5889
461
5888
6203
463
3888
6201
462
3889
5891
6200
461
462
5892
463
463
3892
6204
468
3426
5089
469
474
5091
471
473
3425
5088
470
475
3424
469
470
471
5092
471
3429
479
476
3451
3490
477
3449
3489
479
3450
478
3491
477
478
3495
479
3455
479
484
5945
6035
485
5944
6555
487
6032
6553
486
5947
6033
6552
485
486
5948
487
487
6036
6556
492
5953
6059
493
5955
6057
6424
495
5952
6427
494
6056
6425
493
494
6060
495
5956
495
6428
500
5409
6096
501
5411
6008
503
5408
6011
6097
502
6009
6099
501
502
503
5412
503
6100
6012
508
512
3386
509
513
5219
511
3385
5217
510
514
3384
5216
509
510
517
511
511
3389
5220
516
3473
517
3426
519
3427
3472
518
3424
3474
517
518
519
519
3477
3430
524
6041
6123
525
6040
6563
527
6120
6561
526
6043
6121
6560
525
526
6044
527
527
6124
6564
532
6049
6187
533
6048
6523
535
6184
6521
534
6051
6185
6520
533
534
6052
535
535
6188
6524
540
5657
6224
541
5656
6107
6225
543
6105
6227
542
5659
6104
541
542
5660
543
6228
543
6108
548
552
3298
549
553
5379
551
3297
5377
550
554
3296
5376
549
550
557
551
551
3301
5380
556
3456
557
3385
559
3387
3458
558
3386
3457
557
558
559
559
3461
3391
564
6115
6161
6624
565
6112
6627
567
6113
6163
566
6160
6625
565
566
6628
567
6116
567
6164
572
3065
5537
573
577
5539
575
576
3066
5536
574
579
3067
573
574
575
5540
575
3071
580
580
3299
3433
581
3297
583
3298
3434
582
3435
581
582
583
3303
583
3439
588
6169
6251
589
6168
6659
591
6248
6657
590
6171
6249
6656
589
590
6172
591
591
6252
6660
596
3915
6177
597
6176
6595
599
3913
6593
598
3914
6179
6592
597
598
6180
599
599
3919
6596
604
6233
6331
605
5859
6232
607
5857
6330
606
5856
6235
6328
605
606
6236
607
607
6334
5860
612
616
2859
613
617
5603
615
2856
5601
614
618
2857
5600
613
614
621
615
615
2860
5604
620
3411
621
3065
623
3064
3410
622
3067
3408
621
622
623
623
3414
3068
628
6376
6745
629
6243
6377
6744
631
6241
6379
630
6240
6747
629
630
6748
631
6380
631
6244
636
3720
6984
637
3635
6986
639
3634
3722
638
3633
3721
6987
637
638
6990
639
639
3725
3639
644
2216
5793
645
649
5795
647
650
2217
5792
646
648
2219
645
646
647
5796
647
2220
653
652
3400
653
2856
655
2858
3401
654
2859
3403
653
654
655
655
3404
2862
660
6368
6755
661
6369
6411
663
6371
6409
6752
662
6408
6753
661
662
663
6372
663
6756
6412
668
673
5987
669
672
1672
671
674
1673
5984
670
1674
5985
669
670
671
677
671
5988
1677
676
3371
677
2216
679
2218
3369
678
2219
3370
677
678
679
679
3375
2222
684
6401
6507
685
6403
6505
6784
687
6400
6787
686
6504
6785
685
686
6508
687
6404
687
6788
692
697
3088
693
696
3176
695
698
3089
3178
694
3091
3179
693
694
695
701
695
3092
3182
700
3523
701
3483
703
3481
3522
702
3480
3520
701
702
703
703
3526
3484
708
3096
6442
709
6440
6475
711
3099
6443
6472
710
3098
6474
709
710
711
6446
711
3102
6478
716
720
3467
717
721
3507
719
3466
3504
718
722
3464
3506
717
718
725
719
719
3470
3510
724
3131
725
3480
727
3129
3482
726
3130
3483
725
726
727
727
3135
3486
732
3137
6482
733
3138
6536
735
6480
6539
734
3136
6483
6537
733
734
3141
735
735
6486
6540
740
746
6083
741
1209
6081
743
744
1210
742
747
1208
6080
741
742
6084
743
743
750
1213
748
3257
749
1672
3258
751
1674
750
1675
3256
749
750
3261
751
751
1678
756
6499
6609
6840
757
6497
6611
759
6608
6841
758
6496
6843
757
758
6500
759
6612
759
6844
764
769
3163
765
768
3466
767
770
3161
3465
766
3162
3467
765
766
767
773
767
3167
3471
772
3490
773
3441
775
3442
3488
774
3440
3491
773
774
775
775
3494
3445
780
3169
6528
781
3170
6576
783
6529
6579
782
3168
6531
6577
781
782
3173
783
783
6532
6580
788
800
3417
789
801
3474
791
3418
3473
790
802
3419
3475
789
790
805
791
791
3423
3479
796
6585
6643
797
3154
6584
799
3152
6640
798
3153
6587
6641
797
798
6588
799
799
6644
3157
804
3145
805
3440
807
3144
3443
806
3146
3441
805
806
807
807
3149
3444
812
816
6211
813
6209
6890
815
817
6891
814
819
6208
6888
813
814
6212
815
815
820
6894
820
1209
821
3104
823
1210
3105
822
1211
3106
821
822
823
823
1215
3109
828
6616
6851
829
3963
6617
831
3962
6619
6848
830
3961
6849
829
830
831
6620
831
6852
3967
836
842
3457
837
3393
3456
839
840
3394
838
843
3392
3459
837
838
3460
839
839
846
3397
844
3113
845
3114
3417
847
3418
846
3112
3416
845
846
3117
847
847
3421
852
6649
6675
853
3120
6648
855
3121
6672
854
3122
6651
6673
853
854
6652
855
855
6676
3125
860
865
3434
861
864
3352
3432
863
3354
3435
862
867
3355
861
862
868
863
3438
863
3358
868
3073
3395
869
3393
871
3074
3394
870
3075
869
870
871
3399
871
3079
876
3081
6680
877
6681
6731
879
3082
6683
6729
878
3083
6728
877
878
879
6684
879
3087
6732
884
888
3744
885
889
3747
6363
887
3746
6360
886
890
6362
885
886
893
887
3750
887
6366
892
4328
6896
893
961
6899
895
962
4331
894
960
4330
6897
893
894
6900
895
895
4334
965
900
1338
1634
901
1632
1697
903
1337
1635
1696
902
1336
1699
901
902
903
1638
903
1341
1700
908
912
3235
909
913
3408
911
3232
3411
910
914
3233
3409
909
910
917
911
911
3236
3412
916
3048
917
3354
919
3049
3353
918
3051
3355
917
918
919
919
3052
3359
924
3058
6768
925
3057
6723
6769
927
6721
6771
926
3059
6720
925
926
3063
927
6772
927
6724
932
4384
4507
933
3545
4506
935
3544
4387
4504
934
3547
4386
933
934
935
4510
935
4390
3548
940
4411
4536
941
4427
4538
943
4410
4425
942
4408
4424
4539
941
942
4542
943
943
4414
4428
948
4448
4603
949
4395
4450
951
4392
4602
950
4394
4451
4600
949
950
4454
951
951
4606
4398
956
4475
4632
957
4531
4634
959
4474
4528
958
4472
4530
4635
957
958
4638
959
959
4478
4534
964
4345
6882
965
2338
6883
967
2337
4347
966
2339
4344
6880
965
966
6886
967
967
4348
2343
972
4480
5019
973
3538
5018
975
3537
4483
5016
974
3539
4482
973
974
975
5022
975
4486
3543
980
4515
4960
981
4843
4962
983
4514
4841
982
4512
4840
4963
981
982
4966
983
983
4518
4844
988
4458
4547
4696
989
4544
4699
991
4456
4698
990
4459
4546
989
990
4550
991
4702
991
4462
996
4627
4706
997
4570
4624
999
4571
4704
998
4568
4626
4707
997
998
4630
999
999
4710
4574
1004
1009
3002
3234
1005
1008
3232
1007
3001
3235
1006
1011
3000
1005
1006
1012
1007
3238
1007
3005
1012
3403
1013
3017
3402
1015
3016
3400
1014
3019
1013
1014
1015
3406
1015
3020
1020
3008
6776
1021
6777
6803
1023
3009
6779
6801
1022
3011
6800
1021
1022
1023
6780
1023
3012
6804
1028
1201
1897
1029
1144
1200
1896
1031
1146
1202
1030
1147
1899
1029
1030
1900
1031
1205
1031
1150
1036
1489
1802
2281
1037
1145
1488
2282
1039
1144
1801
2283
1038
1147
1491
1800
1037
1038
1492
1039
2287
1039
1805
1148
1044
4491
4578
1045
4576
5115
1047
4490
4579
5112
1046
4488
5114
1045
1046
1047
4582
1047
4494
5118
1052
4611
5056
1053
4971
5058
1055
4610
4968
1054
4608
4970
5059
1053
1054
5062
1055
1055
4614
4974
1060
4555
4666
1061
4664
4795
1063
4554
4667
4792
1062
4552
4794
1061
1062
1063
4670
1063
4558
4798
1068
4715
4826
1069
4643
4824
1071
4640
4714
4827
1070
4642
4712
1069
1070
1071
4830
1071
4718
4646
1076
1081
1411
1077
1408
2112
1079
1082
1409
2114
1078
1083
2115
1077
1078
1079
1412
1079
1087
2118
1084
1288
1328
1571
1085
1330
1568
1087
1289
1569
1086
1291
1331
1085
1086
1334
1087
1572
1087
1292
1092
4672
5243
1093
4587
4674
1095
4584
5242
1094
4586
4675
5240
1093
1094
4678
1095
1095
5246
4590
1100
4730
5064
1101
4728
5066
5187
1103
4731
5184
1102
5067
5186
1101
1102
5070
1103
4734
1103
5190
1108
1112
2850
1109
1113
3370
1111
2849
3371
1110
1114
2848
3368
1109
1110
1117
1111
1111
2853
3374
1116
2954
1117
3016
1119
2953
3018
1118
2952
3019
1117
1118
1119
1119
2957
3022
1124
6809
6827
1125
2963
6808
1127
2962
6824
1126
2961
6811
6825
1125
1126
6812
1127
1127
6828
2967
1132
4656
4922
1133
4659
4738
1135
4658
4739
4920
1134
4736
4923
1133
1134
1135
4662
1135
4926
4742
1140
4763
4928
1141
4819
4930
1143
4762
4816
1142
4760
4818
4931
1141
1142
4934
1143
1143
4766
4822
1148
1843
1149
1842
1151
1840
1150
1149
1150
1151
1846
1151
1156
4768
5403
1157
4683
4770
1159
4680
5402
1158
4682
4771
5400
1157
1158
4774
1159
1159
5406
4686
1164
4803
5368
1165
5195
5370
1167
4802
5192
1166
4800
5194
5371
1165
1166
5374
1167
1167
4806
5198
1172
3498
4992
1173
3530
4994
1175
3497
3531
1174
3496
3528
4995
1173
1174
4998
1175
1175
3501
3534
1180
4747
4866
1181
4864
5147
1183
4746
4867
5144
1182
4744
5146
1181
1182
1183
4870
1183
4750
5150
1188
4888
4938
5155
1189
4891
5152
1191
4890
4936
1190
4939
5154
1189
1190
5158
1191
4894
1191
4942
1196
4987
5848
1197
5747
5850
1199
4986
5745
1198
4984
5744
5851
1197
1198
5854
1199
1199
4990
5748
1204
2299
2539
1205
1834
2297
1207
1833
2537
1206
1835
2296
2538
1205
1206
2300
1207
1207
2543
1839
1212
2187
2649
1213
2186
1215
2650
1214
2185
2651
1213
1214
2191
1215
1215
2655
1220
4896
5563
1221
4779
4898
1223
4776
5562
1222
4778
4899
5560
1221
1222
4902
1223
1223
5566
4782
1228
4952
5362
5507
1229
4955
5504
1231
4954
5360
1230
5363
5506
1229
1230
5510
1231
4958
1231
5366
1236
1241
2905
1237
2850
2906
1239
1242
2849
1238
1243
2851
2904
1237
1238
2909
1239
1239
1247
2855
1244
2290
3257
1245
2289
1247
3258
1246
2291
3259
1245
1246
2295
1247
1247
3263
1252
2912
6816
1253
6817
6867
1255
2913
6819
6865
1254
2915
6864
1253
1254
1255
6820
1255
2916
6868
1260
1281
2832
1261
1266
1282
1263
1265
1283
2833
1262
1267
2835
1261
1262
1263
1287
1263
2836
1271
1268
3088
3307
1269
3090
3304
1271
3305
1270
3091
1269
1270
3094
1271
3308
1271
1276
1280
3098
1277
1281
2922
1279
1283
2921
3097
1278
2923
3096
1277
1278
1279
1284
1279
3101
2927
1284
3314
1285
1287
3313
1286
3312
1285
1286
1287
1287
3317
1292
1529
1293
2114
1295
1528
2113
1294
1530
2115
1293
1294
1295
1295
1533
2119
1300
3450
5002
5091
1301
5003
5090
1303
3449
5088
1302
3448
5000
1301
1302
5006
1303
5094
1303
3453
1308
5080
5842
5923
1309
5083
5920
1311
5082
5840
1310
5843
5922
1309
1310
5926
1311
5086
1311
5846
1316
5024
5307
1317
4875
5026
1319
4872
5306
1318
4874
5027
5304
1317
1318
5030
1319
1319
5310
4878
1324
5051
5336
1325
5048
5162
5339
1327
5163
5338
1326
5050
5160
1325
1326
5054
1327
5342
1327
5166
1332
3344
4440
1333
3346
4443
1335
4442
1334
3347
1333
1334
3350
1335
4446
1335
1340
2346
1341
2345
5728
1343
5730
1342
2347
5731
1341
1342
2351
1343
1343
5734
1348
1353
1370
1349
1352
3307
1351
1354
1371
3306
1350
1369
3305
1349
1350
1351
1357
1351
1375
3311
1356
3130
1357
3282
1359
3128
3281
1358
3131
3283
1357
1358
1359
1359
3134
3287
1364
1368
3138
1365
1369
3313
1367
1371
3139
3315
1366
3137
3314
1365
1366
1367
1372
1367
3143
3319
1372
3290
1373
1375
3289
1374
3288
1373
1374
1375
1375
3293
1380
4904
5626
1381
5120
5627
1383
4907
5122
1382
4906
5123
5624
1381
1382
5630
1383
1383
4910
5126
1388
5515
5570
1389
5179
5568
1391
5176
5514
5571
1390
5178
5512
1389
1390
1391
5574
1391
5518
5182
1396
5208
5930
6019
1397
5211
6016
1399
5210
5928
1398
5931
6018
1397
1398
6022
1399
5214
1399
5934
1404
3425
5096
1405
5099
5218
1407
3426
5098
5219
1406
3427
5216
1405
1406
1407
5102
1407
3431
5222
1412
2977
1413
2978
3513
1415
2979
3512
1414
3515
1413
1414
1415
2983
1415
3516
1420
1425
3105
1421
1424
4017
1423
1426
3107
4019
1422
3104
4018
1421
1422
1423
1429
1423
3108
4023
1428
2865
1429
2290
1431
2288
2864
1430
2289
2866
1429
1430
1431
1431
2869
2293
1436
3995
6873
1437
2875
6872
1439
2872
3992
1438
2874
3993
6875
1437
1438
6876
1439
1439
3996
2878
1444
1451
3162
1445
1449
3265
1447
1450
3160
3266
1446
3163
3264
1445
1446
1447
1455
1447
3166
3269
1452
1465
3282
1453
1466
1455
1467
3280
1454
3283
1453
1454
1455
1471
1455
3286
1460
1465
3289
1461
1464
3170
1463
3169
3290
1462
1467
3171
3291
1461
1462
1468
1463
1463
3295
3175
1468
3273
1469
1471
3272
1470
3274
1469
1470
1471
1471
3277
1476
5272
5435
1477
5035
5274
1479
5032
5434
1478
5034
5275
5432
1477
1478
5278
1479
1479
5438
5038
1484
5331
5442
1485
5251
5440
1487
5248
5330
5443
1486
5250
5328
1485
1486
1487
5446
1487
5334
5254
1492
3227
1493
2505
3225
1495
2506
3226
1494
2504
1493
1494
1495
3231
1495
2509
1500
5227
5378
1501
3385
5226
5379
1503
3384
5224
1502
3387
5376
1501
1502
5382
1503
5230
1503
3388
1508
5346
6024
1509
5344
6026
6139
1511
5347
6136
1510
6027
6138
1509
1510
6030
1511
5350
1511
6142
1516
5280
5819
1517
5131
5282
1519
5128
5818
1518
5130
5283
5816
1517
1518
5286
1519
1519
5822
5134
1524
5315
5760
1525
5579
5762
1527
5314
5576
1526
5312
5578
5763
1525
1526
5766
1527
1527
5318
5582
1532
1698
1533
1633
1535
1632
1697
1534
1635
1696
1533
1534
1535
1535
1701
1636
1540
1544
3241
1541
1546
3146
1543
3145
3240
1542
1547
3147
3242
1541
1542
1550
1543
1543
3245
3151
1548
1562
1549
1561
3265
1551
3264
1550
1563
3267
1549
1550
1567
1551
1551
3268
1556
1560
3152
1557
3154
3273
1559
1561
3272
1558
1563
3155
3275
1557
1558
3158
1559
1559
1564
3276
1564
3249
1565
1567
3248
1566
3250
1565
1566
1567
1567
3253
1572
3328
4433
1573
3329
1575
3331
4435
1574
4432
1573
1574
1575
3332
1575
4436
1580
1744
2112
1581
1698
1745
2113
1583
1697
2115
1582
1699
1746
1581
1582
1749
1583
2116
1583
1703
1588
3299
5536
1589
5387
5538
1591
3296
5384
1590
3297
5386
5539
1589
1590
5542
1591
1591
3300
5390
1596
5531
6144
1597
5530
6128
1599
5528
6130
6147
1598
6131
6146
1597
1598
1599
5534
1599
6150
6134
1604
5267
5474
1605
5472
5635
1607
5266
5475
5632
1606
5264
5634
1605
1606
1607
5478
1607
5270
5638
1612
5451
5666
1613
5499
5664
1615
5450
5496
5667
1614
5448
5498
1613
1614
1615
5670
1615
5454
5502
1620
5288
6010
1621
5290
5411
6008
1623
5408
6011
1622
5291
5410
1621
1622
5294
1623
6014
1623
5414
1628
5771
5978
1629
5467
5976
1631
5464
5770
5979
1630
5466
5768
1629
1630
1631
5982
1631
5774
5470
1636
3347
1637
2202
3344
1639
2201
3345
1638
2203
1637
1638
1639
3348
1639
2207
1644
1649
3114
1645
1648
3202
1647
1650
3115
3200
1646
3113
3201
1645
1646
1647
1653
1647
3119
3205
1652
1666
1653
3240
1655
1667
3243
1654
1665
3241
1653
1654
1655
1655
1671
3244
1660
1664
3121
1661
1665
3248
1663
1667
3123
3251
1662
3120
3249
1661
1662
1663
1668
1663
3124
3252
1668
3209
1669
1671
3208
1670
3210
1669
1670
1671
1671
3213
1676
2521
1677
2066
2522
1679
2067
1678
2064
2520
1677
1678
2525
1679
1679
2070
1684
5592
6154
6267
1685
5595
6264
1687
5594
6152
1686
6155
6266
1685
1686
6270
1687
5598
1687
6158
1692
3066
5544
1693
5547
5602
1695
3065
5546
5603
1694
3064
5600
1693
1694
1695
5550
1695
3069
5606
1700
2882
1701
1703
2880
1702
2883
1701
1702
1703
1703
2886
1708
6443
6472
1709
5827
6473
1711
5824
6440
6475
1710
5826
6441
1709
1710
1711
6476
1711
6444
5830
1716
1721
3521
1717
1720
3482
1719
1722
3480
3520
1718
3481
3522
1717
1718
1719
1725
1719
3525
3485
1724
3506
1725
3497
1727
3499
3507
1726
3498
3505
1725
1726
1727
1727
3511
3503
1732
5696
5883
1733
5483
5698
1735
5480
5882
1734
5482
5699
5880
1733
1734
5702
1735
1735
5886
5486
1740
5723
5912
1741
5674
5720
5915
1743
5675
5914
1742
5672
5722
1741
1742
5726
1743
5918
1743
5678
1748
2536
1749
2537
2984
1751
2986
1750
2538
2987
1749
1750
2541
1751
1751
2990
1756
5416
6106
1757
5418
5659
6104
1759
5656
6107
1758
5419
5658
1757
1758
5422
1759
6110
1759
5662
1764
5971
6074
1765
5688
5970
6075
1767
5690
5968
1766
5691
6072
1765
1766
6078
1767
5974
1767
5694
1772
1778
1793
1773
1794
3202
1775
1777
3201
1774
1776
1792
3203
1773
1774
1797
1775
1775
1781
3207
1780
3072
3185
1781
3074
1783
3186
1782
3075
3187
1781
1782
3078
1783
1783
3191
1788
1794
3208
1789
3081
3209
1791
1792
3080
3211
1790
1795
3083
1789
1790
1791
3212
1791
1798
3084
1796
3194
1797
3193
1799
1798
3195
1797
1798
3199
1799
1799
1804
2504
3338
1805
3337
1807
2505
1806
2507
3339
1805
1806
3343
1807
1807
2508
1812
5947
6552
1813
5946
6481
1815
5944
6480
6555
1814
6483
6554
1813
1814
1815
5950
1815
6558
6484
1820
1825
3488
1821
1824
3448
1823
1826
3451
3490
1822
3449
3489
1821
1822
1823
1829
1823
3493
3452
1828
3505
1829
3465
1831
3466
3504
1830
3464
3506
1829
1830
1831
1831
3509
3469
1836
2970
2985
1837
2984
1839
2968
1838
2971
2987
1837
1838
2988
1839
1839
2974
1844
2537
2842
1845
2280
2536
2841
1847
2282
2840
1846
2283
2539
1845
1846
2540
1847
2845
1847
2286
1852
2857
5608
1853
5611
5794
1855
2856
5610
5795
1854
2858
5792
1853
1854
1855
5614
1855
2861
5798
1860
5787
6392
1861
5786
6256
1863
5784
6258
6395
1862
6259
6394
1861
1862
1863
5790
1863
6398
6262
1868
1873
1888
3184
1869
1890
3186
1871
1874
1889
1870
1875
3187
1869
1870
3190
1871
1893
1871
1879
1876
3024
3048
1877
3026
3050
1879
3025
1878
3051
1877
1878
3054
1879
3029
1879
1884
1891
3058
1885
1890
3193
1887
1888
3056
3192
1886
3059
3195
1885
1886
1887
1894
1887
3062
3196
1892
3034
1893
3033
1895
1894
3035
1893
1894
3039
1895
1895
1900
2299
3337
1901
2297
2425
1903
2298
2426
3336
1902
2424
3338
1901
1902
1903
2303
1903
3341
2429
1908
5856
6235
1909
5651
5858
1911
5648
6234
1910
5650
5859
6232
1909
1910
5862
1911
1911
6238
5654
1916
5890
6064
1917
6067
6202
1919
5888
6066
6203
1918
5891
6200
1917
1918
1919
6070
1919
5894
6206
1924
6042
6544
1925
6040
6546
6563
1927
6043
6560
1926
6547
6562
1925
1926
6550
1927
6046
1927
6566
1932
3442
3488
1933
1938
3489
1935
1937
3440
3491
1934
1939
3443
1933
1934
1935
3492
1935
3446
1943
1940
3427
3472
1941
3424
3474
1943
3425
1942
3475
1941
1942
3478
1943
3428
1943
1948
2345
5728
1949
2344
6448
1951
5729
6451
1950
2347
5731
6449
1949
1950
2348
1951
1951
5732
6452
1956
5803
5986
1957
2218
5984
1959
2216
5802
5987
1958
2217
5800
1957
1958
1959
5990
1959
5806
2221
1964
5955
6424
1965
5954
6384
1967
5952
6386
6427
1966
6387
6426
1965
1966
1967
5958
1967
6430
6390
1972
1977
1993
1973
1976
3024
1975
1978
1992
3027
1974
1994
3025
1973
1974
1975
1981
1975
1997
3028
1980
3001
1981
2928
1983
2931
3003
1982
2929
3000
1981
1982
1983
1983
3004
2932
1988
3008
3035
1989
1992
3010
3032
1991
1994
3033
1990
1995
3011
1989
1990
3014
1991
3036
1991
1998
1996
2936
1997
2938
1999
1998
2939
1997
1998
2942
1999
1999
2004
6115
6624
2005
6114
6568
2007
6112
6570
6627
2006
6571
6626
2005
2006
2007
6118
2007
6630
6574
2012
2017
3472
2013
2016
3416
2015
2018
3418
3473
2014
3419
3475
2013
2014
2015
2021
2015
3476
3422
2020
3459
2021
3384
2023
3386
3457
2022
3387
3458
2021
2022
2023
2023
3463
3390
2028
3947
6969
2029
3729
6968
2031
3730
3944
2030
3728
3945
6971
2029
2030
6972
2031
2031
3948
3733
2036
2040
2888
2037
2041
2952
2039
2889
2954
2038
2042
2891
2955
2037
2038
2045
2039
2039
2892
2958
2044
2059
2045
2929
2047
2058
2930
2046
2056
2928
2045
2046
2047
2047
2062
2933
2052
2057
2962
2053
2056
2938
2055
2058
2937
2960
2054
2939
2963
2053
2054
2055
2061
2055
2966
2943
2060
2061
2899
2063
2896
2062
2898
2061
2062
2063
2063
2902
2068
6080
2069
5995
6082
2071
5992
2070
5994
6083
2069
2070
6086
2071
2071
5998
2076
6050
6416
2077
6048
6418
6523
2079
6051
6520
2078
6419
6522
2077
2078
6422
2079
6054
2079
6526
2084
6171
6656
2085
6170
6632
2087
6168
6634
6659
2086
6635
6658
2085
2086
2087
6174
2087
6662
6638
2092
2097
3458
2093
2096
3395
2095
2098
3393
3456
2094
3392
3459
2093
2094
2095
2101
2095
3462
3396
2100
3432
2101
3296
2103
3298
3434
2102
3299
3433
2101
2102
2103
2103
3437
3302
2108
2176
2947
2109
2945
2986
2111
2177
2946
2985
2110
2179
2987
2109
2110
2111
2951
2111
2180
2991
2116
2841
2117
2842
2119
2843
2118
2117
2118
2119
2847
2119
2124
2664
2905
2125
2128
2665
2127
2130
2906
2126
2131
2666
2907
2125
2126
2669
2127
2127
2911
2134
2132
2144
2133
2145
2888
2135
2889
2134
2146
2890
2133
2134
2149
2135
2135
2893
2140
2899
2912
2141
2146
2897
2914
2143
2145
2898
2142
2147
2915
2141
2142
2918
2143
2903
2143
2151
2148
2673
2149
2151
2674
2150
2675
2149
2150
2151
2151
2679
2156
6243
6744
2157
6667
6746
2159
6242
6664
2158
6240
6666
6747
2157
2158
6750
2159
2159
6246
6670
2164
2168
3353
2165
2169
3433
2167
3352
3432
2166
2170
3354
3435
2165
2166
2173
2167
2167
3357
3436
2172
3409
2173
3066
2175
3067
3408
2174
3064
3410
2173
2174
2175
2175
3413
3070
2180
2995
2181
2970
2992
2183
2969
2993
2182
2971
2181
2182
2183
2996
2183
2975
2188
6091
6210
2189
6208
2191
6090
6211
2190
6088
2189
2190
2191
6214
2191
6094
2196
6176
6514
6595
2197
6179
6592
2199
6178
6512
2198
6515
6594
2197
2198
6598
2199
6182
2199
6518
2204
4857
5739
2205
4859
5737
2207
4856
2206
5736
2205
2206
5740
2207
4860
2207
2212
2280
2977
2213
2282
2976
3320
2215
2281
3322
2214
2979
3323
2213
2214
2980
2215
2285
2215
3326
2220
2221
2417
2223
2416
2222
2419
2221
2222
2223
2223
2420
2228
2233
2250
2229
2232
2664
2231
2234
2251
2667
2230
2249
2665
2229
2230
2231
2237
2231
2255
2668
2236
2866
2237
6915
2239
2867
6912
2238
2865
6914
2237
2238
2239
2239
2871
6918
2244
2248
2872
2245
2249
2673
2247
2251
2672
2873
2246
2675
2875
2245
2246
2247
2252
2247
2876
2676
2252
3795
2253
2255
3793
2254
3794
2253
2254
2255
2255
3799
2260
2265
4259
6920
2261
2264
6923
7083
2263
2266
4256
7080
2262
4257
6921
7082
2261
2262
6924
2263
2269
2263
4260
7086
2268
2755
3810
2269
3809
2271
2752
2270
2753
3811
2269
2270
3815
2271
2271
2756
2276
3792
4243
7003
2277
3793
4240
2279
3795
7002
2278
4242
7000
2277
2278
4246
2279
3796
2279
7006
2284
2285
2287
2286
2285
2286
2287
2287
2292
2475
2657
2293
2474
2295
2658
2294
2473
2659
2293
2294
2479
2295
2295
2663
2300
3363
2301
3360
2303
3361
2302
2301
2302
2303
3364
2303
2308
6370
6736
2309
6371
6752
2311
6739
6754
2310
6368
6738
6755
2309
2310
6374
2311
2311
6742
6758
2316
2321
3410
2317
2320
3234
2319
2322
3232
3411
2318
3233
3409
2317
2318
2319
2325
2319
3415
3237
2324
3402
2325
2857
2327
2859
3403
2326
2858
3401
2325
2326
2327
2327
3407
2863
2332
2978
3041
2333
3042
3321
2335
2976
3320
2334
2979
3040
3323
2333
2334
3045
2335
2335
2982
3324
2340
3752
6344
2341
6345
2343
3753
6347
2342
3755
2341
2342
2343
6348
2343
3756
2348
2881
2946
2349
2882
2351
2883
2945
2350
2944
2349
2350
2351
2887
2351
2949
2356
2755
6939
7083
2357
2754
6937
2359
2752
7080
2358
6936
7081
2357
2358
6940
2359
2758
2359
7084
2364
4306
7018
2365
3785
4305
2367
3786
7016
2366
3784
4307
7019
2365
2366
4311
2367
2367
7022
3789
2372
2384
3306
2373
2385
3089
2375
3090
3304
2374
2386
3088
3307
2373
2374
2389
2375
2375
3310
3093
2380
2392
6467
2381
2394
3098
6465
2383
2393
3097
2382
3099
6464
2381
2382
6468
2383
2397
2383
3103
2388
3128
2389
3481
2391
3130
3483
2390
3129
3482
2389
2390
2391
2391
3133
3487
2396
3136
2397
3312
2399
3137
3314
2398
3139
3315
2397
2398
2399
2399
3140
3318
2404
6403
6784
2405
6763
6786
2407
6402
6760
2406
6400
6762
6787
2405
2406
6790
2407
2407
6406
6766
2412
2417
3401
2413
3017
3402
2415
2418
3018
2414
2419
3016
3400
2413
2414
3405
2415
2415
2423
3021
2420
3369
2421
2423
3368
2422
3370
2421
2422
2423
2423
3373
2428
3177
2429
2824
2431
2826
3178
2430
2827
3179
2429
2430
2431
2431
3183
2830
2436
2832
2922
2437
2833
2921
2969
2439
2920
2970
2438
2834
2968
2437
2438
2837
2439
2925
2439
2973
2444
3161
3465
2445
2450
3464
2447
2449
3160
2446
2451
3162
3467
2445
2446
3468
2447
2447
3165
2455
2452
3128
3281
2453
3280
2455
3129
2454
3131
3283
2453
2454
3284
2455
2455
3132
2460
2464
3169
3290
2461
2465
3168
2463
2467
3288
2462
3171
3291
2461
2462
3172
2463
2468
2463
3294
2468
3138
6528
2469
6531
2471
3136
6530
2470
3139
2469
2470
2471
6534
2471
3142
2476
2481
2867
2477
2480
2479
2482
2866
2478
2864
2477
2478
2479
2485
2479
2870
2484
2904
2485
2667
2487
2664
2905
2486
2666
2907
2485
2486
2487
2487
2908
2670
2492
2496
6875
2493
2497
2914
2495
2913
6874
2494
2498
2915
6872
2493
2494
2501
2495
2495
6878
2919
2500
2874
2501
2674
2503
2675
2875
2502
2672
2873
2501
2502
2503
2503
2879
2678
2508
3217
2509
3530
2511
3216
3529
2510
3218
3531
2509
2510
2511
2511
3221
3535
2516
6795
6842
2517
6499
6840
2519
6496
6794
6843
2518
6498
6792
2517
2518
2519
6846
2519
6798
6502
2524
3256
2525
2530
3258
2527
2529
2526
2531
3259
2525
2526
3262
2527
2527
2535
2532
2848
3368
2533
3369
2535
2849
3371
2534
2851
2533
2534
2535
3372
2535
2852
2540
2541
2543
2542
2541
2542
2543
2543
2548
2552
3267
2549
2553
3161
2551
3160
3266
2550
2554
3163
3264
2549
2550
2557
2551
2551
3270
3164
2556
3147
2557
3442
2559
3146
3441
2558
3144
3443
2557
2558
2559
2559
3150
3447
2564
3168
6586
2565
2569
3170
6584
2567
2570
6587
2566
2568
3171
2565
2566
3174
2567
6590
2567
2573
2572
3274
2573
3154
3273
2575
3153
2574
3155
3275
2573
2574
3279
2575
2575
3159
2580
2585
2907
2581
2584
2848
2583
2586
2850
2906
2582
2851
2904
2581
2582
2583
2589
2583
2910
2854
2588
2953
2589
2890
2591
2889
2954
2590
2891
2955
2589
2590
2591
2591
2959
2895
2596
2601
6819
2597
2600
2960
2599
2961
6818
2598
2603
2962
6816
2597
2598
2604
2599
2599
6822
2965
2604
2896
2605
2913
2607
2897
2914
2606
2899
2912
2605
2606
2607
2607
2900
2917
2612
2616
3115
2613
2617
3419
2615
2619
3114
3417
2614
3112
3416
2613
2614
2615
2620
2615
3118
3420
2620
3243
2621
3144
2623
3147
3242
2622
3145
3240
2621
2622
2623
2623
3246
3148
2628
2632
6651
2629
2633
3155
2631
3153
6650
2630
2634
3152
6648
2629
2630
2637
2631
2631
6654
3156
2636
3122
2637
3250
2639
3120
3249
2638
3123
3251
2637
2638
2639
2639
3126
3255
2644
6835
6850
2645
6619
6848
2647
6616
6834
6851
2646
6618
6832
2645
2646
2647
6854
2647
6838
6622
2652
2657
3107
2653
2656
2655
2658
3105
2654
3106
2653
2654
2655
2661
2655
3111
2660
3256
2661
2663
3257
2662
3259
2661
2662
2663
2663
3260
2668
2669
2673
2671
2674
2670
2672
2669
2670
2671
2671
2677
2676
2677
2679
2678
2677
2678
2679
2679
2684
2689
3074
3394
2685
2688
3392
2687
3073
3395
2686
2691
3072
2685
2686
2692
2687
3398
2687
3077
2692
3112
2693
3113
3201
2695
3115
3200
2694
3203
2693
2694
2695
3116
2695
3204
2700
2704
6683
2701
2705
3123
2703
3122
6682
2702
2706
3121
6680
2701
2702
2709
2703
2703
6686
3127
2708
3082
2709
3210
2711
3081
3209
2710
3080
3211
2709
2710
2711
2711
3085
3215
2716
2720
2930
2717
2721
3002
2719
2931
3003
2718
2722
2929
3000
2717
2718
2725
2719
2719
2935
3006
2724
2955
2725
3017
2727
2952
3019
2726
2953
3018
2725
2726
2727
2727
2956
3023
2732
2737
3010
2733
3009
6810
2735
2738
6811
2734
2739
3011
6808
2733
2734
3015
2735
2735
2743
6814
2740
2937
2960
2741
2936
2743
2961
2742
2939
2963
2741
2742
2940
2743
2743
2964
2748
4337
6946
2749
4025
4336
2751
4026
6944
2750
4024
4339
6947
2749
2750
4340
2751
2751
6950
4029
2756
2757
6952
2759
6954
2758
6955
2757
2758
2759
2759
6958
2764
2768
3352
2765
2770
3050
2767
3049
3353
2766
2771
3051
3355
2765
2766
2774
2767
2767
3356
3055
2772
3073
2773
3072
3185
2775
3184
2774
3075
3187
2773
2774
3076
2775
2775
3188
2780
2785
3080
2781
2784
6723
2783
2786
3083
6720
2782
3082
6722
2781
2782
2783
2789
2783
3086
6726
2788
3057
2789
3194
2791
3059
3195
2790
3056
3192
2789
2790
2791
2791
3060
3198
2796
2801
3003
2797
2800
3233
2799
2802
3001
3235
2798
3002
3234
2797
2798
2799
2805
2799
3007
3239
2804
3049
2805
3027
2807
3024
3048
2806
3026
3050
2805
2806
2807
2807
3053
3030
2812
2818
3056
2813
3057
6778
2815
2816
6779
2814
2819
3058
6776
2813
2814
3061
2815
2815
2822
6782
2820
3009
2821
3010
3032
2823
3034
2822
3008
3035
2821
2822
3013
2823
2823
3038
2828
2834
3360
2829
2833
3090
3362
2831
3089
3361
2830
2835
3091
2829
2830
2839
2831
3365
2831
3095
2836
2837
2839
2838
2837
2838
2839
2839
2844
2976
2845
2977
2847
2846
2978
2845
2846
2981
2847
2847
2852
2853
2855
2854
2853
2854
2855
2855
2860
2861
2863
2862
2861
2862
2863
2863
2868
7073
2869
7072
2871
2870
7075
2869
2870
7076
2871
2871
2876
3787
2877
3785
2879
3786
2878
2877
2878
2879
3791
2879
2884
2984
2885
2985
2887
2886
2986
2885
2886
2989
2887
2887
2892
2898
2893
2895
2897
2894
2896
2893
2894
2895
2895
2901
2900
2901
2903
2902
2901
2902
2903
2903
2908
2909
2911
2910
2909
2910
2911
2911
2916
2917
2919
2918
2917
2918
2919
2919
2924
2992
2925
2993
2927
2926
2994
2925
2926
2997
2927
2927
2932
2938
2933
2935
2937
2934
2936
2933
2934
2935
2935
2941
2940
2941
2943
2942
2941
2942
2943
2943
2948
6458
2949
2951
6456
2950
6459
2949
2950
2951
2951
6462
2956
2957
2959
2958
2957
2958
2959
2959
2964
2965
2967
2966
2965
2966
2967
2967
2972
3360
2973
3362
2975
2974
3363
2973
2974
3366
2975
2975
2980
2981
2983
2982
2981
2982
2983
2983
2988
2989
2991
2990
2989
2990
2991
2991
2996
6456
2997
3097
2999
3096
6457
2998
3099
6459
2997
2998
2999
2999
6460
3100
3004
3005
3007
3006
3005
3006
3007
3007
3012
3013
3015
3014
3013
3014
3015
3015
3020
3021
3023
3022
3021
3022
3023
3023
3028
3029
3033
3031
3034
3030
3032
3029
3030
3031
3031
3037
3036
3037
3039
3038
3037
3038
3039
3039
3044
3512
3045
3513
3047
3046
3514
3045
3046
3517
3047
3047
3052
3053
3055
3054
3053
3054
3055
3055
3060
3061
3063
3062
3061
3062
3063
3063
3068
3069
3071
3070
3069
3070
3071
3071
3076
3077
3079
3078
3077
3078
3079
3079
3084
3085
3087
3086
3085
3086
3087
3087
3092
3093
3095
3094
3093
3094
3095
3095
3100
3101
3103
3102
3101
3102
3103
3103
3108
4027
3109
3111
4025
3110
4026
3109
3110
3111
3111
4031
3116
3117
3119
3118
3117
3118
3119
3119
3124
3125
3127
3126
3125
3126
3127
3127
3132
3133
3135
3134
3133
3134
3135
3135
3140
3141
3143
3142
3141
3142
3143
3143
3148
3149
3151
3150
3149
3150
3151
3151
3156
3157
3159
3158
3157
3158
3159
3159
3164
3165
3167
3166
3165
3166
3167
3167
3172
3173
3175
3174
3173
3174
3175
3175
3180
3379
3181
3377
3183
3378
3182
3181
3182
3183
3383
3183
3188
3192
3189
3194
3191
3193
3190
3189
3190
3191
3197
3191
3196
3197
3199
3198
3197
3198
3199
3199
3204
3210
3205
3207
3208
3206
3211
3205
3206
3207
3207
3214
3212
3213
3215
3214
3213
3214
3215
3215
3220
3221
3377
3223
3376
3222
3379
3221
3222
3223
3223
3380
3228
3321
3229
3322
3231
3230
3320
3229
3230
3325
3231
3231
3236
3237
3239
3238
3237
3238
3239
3239
3244
3245
3248
3247
3250
3246
3251
3245
3246
3247
3247
3254
3252
3253
3255
3254
3253
3254
3255
3255
3260
3261
3263
3262
3261
3262
3263
3263
3268
3269
3272
3271
3274
3270
3275
3269
3270
3271
3271
3278
3276
3277
3279
3278
3277
3278
3279
3279
3284
3291
3285
3288
3287
3289
3286
3285
3286
3287
3292
3287
3292
3293
3295
3294
3293
3294
3295
3295
3300
3301
3303
3302
3301
3302
3303
3303
3308
3312
3309
3313
3311
3315
3310
3309
3310
3311
3316
3311
3316
3317
3319
3318
3317
3318
3319
3319
3324
3325
3536
3327
3538
3326
3539
3325
3326
3327
3327
3542
3332
3515
3333
3513
3335
3514
3334
3333
3334
3335
3519
3335
3340
3378
3341
3343
3377
3342
3376
3341
3342
3343
3343
3381
3348
4856
3349
4859
3351
4858
3350
3349
3350
3351
4862
3351
3356
3357
3359
3358
3357
3358
3359
3359
3364
3365
3367
3366
3365
3366
3367
3367
3372
3373
3375
3374
3373
3374
3375
3375
3380
3521
3381
3383
3522
3382
3523
3381
3382
3383
3383
3527
3388
3389
3391
3390
3389
3390
3391
3391
3396
3397
3399
3398
3397
3398
3399
3399
3404
3405
3407
3406
3405
3406
3407
3407
3412
3413
3415
3414
3413
3414
3415
3415
3420
3421
3423
3422
3421
3422
3423
3423
3428
3429
3431
3430
3429
3430
3431
3431
3436
3437
3439
3438
3437
3438
3439
3439
3444
3445
3447
3446
3445
3446
3447
3447
3452
3453
3455
3454
3453
3454
3455
3455
3460
3461
3463
3462
3461
3462
3463
3463
3468
3469
3471
3470
3469
3470
3471
3471
3476
3477
3479
3478
3477
3478
3479
3479
3484
3485
3487
3486
3485
3486
3487
3487
3492
3493
3495
3494
3493
3494
3495
3495
3500
3501
3503
3502
3501
3502
3503
3503
3508
3509
3511
3510
3509
3510
3511
3511
3516
3545
3517
3519
3546
3518
3547
3517
3518
3519
3519
3551
3524
3525
3527
3526
3525
3526
3527
3527
3532
3533
3535
3534
3533
3534
3535
3535
3540
3541
3543
3542
3541
3542
3543
3543
3548
3549
3551
3550
3549
3550
3551
3551
3556
3824
4048
3557
3698
3826
4051
3559
3697
4050
3558
3699
3827
3557
3558
3830
3559
4054
3559
3703
3564
3568
3832
3565
3570
3834
4067
3567
3569
4065
3566
3835
4064
3565
3566
3838
3567
3573
3567
4068
3572
4104
4160
3573
3697
4107
3575
3698
4163
3574
3696
4105
4162
3573
3574
4108
3575
3575
4166
3701
3580
3856
4080
3581
3738
3858
4083
3583
3737
4082
3582
3739
3859
3581
3582
3862
3583
4086
3583
3743
3588
3888
4112
3589
3690
3890
4115
3591
3689
4114
3590
3691
3891
3589
3590
3894
3591
4118
3591
3695
3596
3600
3896
3597
3602
3898
4131
3599
3601
4129
3598
3899
4128
3597
3598
3902
3599
3605
3599
4132
3604
4072
4192
3605
3689
4075
3607
3690
4195
3606
3688
4073
4194
3605
3606
4076
3607
3607
4198
3693
3612
3706
6274
3613
3913
6272
3615
3704
3912
6275
3614
3707
3915
3613
3614
3615
6278
3615
3710
3916
3620
3626
3704
4227
3621
3625
4136
4224
3623
3624
3706
4139
3622
3705
4137
4226
3621
3622
4230
3623
3629
3623
3709
4140
3628
6289
3629
3929
3631
3928
6291
3630
3931
6288
3629
3630
3631
3631
6292
3932
3636
3946
6305
6354
3637
3945
6307
3639
6304
6352
3638
3947
6355
3637
3638
3951
3639
6308
3639
6358
3644
3714
6690
3645
3961
6688
3647
3712
3960
6691
3646
3715
3963
3645
3646
3647
6694
3647
3718
3964
3652
3658
3712
4283
3653
3657
4280
6296
3655
3656
3714
6299
3654
3713
4282
6297
3653
3654
4286
3655
3661
3655
3717
6300
3660
6705
3661
3977
3663
3976
6707
3662
3979
6704
3661
3662
3663
3663
6708
3980
3668
3778
3992
3669
3770
3776
3994
3671
3769
3779
3670
3771
3995
3669
3670
3998
3671
3782
3671
3775
3676
3680
4000
3677
3682
3800
4002
3679
3681
3802
3678
3803
4003
3677
3678
4006
3679
3685
3679
3806
3684
4368
6712
3685
3769
6715
3687
3770
4371
3686
3768
4370
6713
3685
3686
6716
3687
3687
4374
3773
3692
4058
4177
3693
4059
3695
4179
3694
4056
4176
3693
3694
4062
3695
3695
4180
3700
4090
4145
3701
4091
3703
4147
3702
4088
4144
3701
3702
4094
3703
3703
4148
3708
4211
3709
4122
4209
3711
4123
3710
4120
4208
3709
3710
4212
3711
3711
4126
3716
4267
3717
4265
6282
3719
6283
3718
4264
6280
3717
3718
4268
3719
3719
6286
3724
3737
3725
3736
6307
3727
6304
3726
3739
6306
3725
3726
3740
3727
3727
6310
3732
3872
6323
3733
3874
5867
3735
5864
6320
3734
3875
5866
6321
3733
3734
3878
3735
3735
6324
5870
3740
3872
6987
3741
6984
3743
3873
6985
3742
3875
3741
3742
3743
6988
3743
3876
3748
6896
3749
3763
6898
3751
3762
3750
3761
6899
3749
3750
6902
3751
3751
3767
3756
3952
6219
3757
3953
6883
3759
3955
6218
6881
3758
6216
6880
3757
3758
3759
3956
3759
6222
6884
3764
3954
6314
6361
3765
3953
6363
3767
6312
6360
3766
3955
6315
3765
3766
3959
3767
6364
3767
6318
3772
4353
6698
3773
6699
3775
4355
3774
4352
6696
3773
3774
6702
3775
3775
4356
3780
3800
7011
3781
3801
7008
3783
7009
3782
3802
3781
3782
3805
3783
7012
3783
3788
3792
7019
3789
3794
3791
7016
3790
3795
7017
3789
3790
3798
3791
3791
7020
3796
4040
3797
4041
3799
4043
3798
3797
3798
3799
4044
3799
3804
7011
3805
7008
3807
3806
7010
3805
3806
7014
3807
3807
3812
6922
6953
3813
6920
3815
6923
6955
3814
6952
3813
3814
3815
6926
3815
6956
3820
3843
4066
4201
3821
3834
3841
4067
3823
3833
3842
4203
3822
3835
4064
4200
3821
3822
4070
3823
3847
3823
4204
3839
3828
3840
3829
3842
4146
3831
3841
4147
3830
4144
3829
3830
3831
3845
3831
4150
3836
4160
3837
4161
3839
4163
3838
3837
3838
3839
4164
3839
3844
4048
4184
3845
4051
3847
4187
3846
4049
4186
3845
3846
4052
3847
3847
4190
3852
3867
4098
4169
3853
3865
4099
6977
3855
3866
4171
6976
3854
4096
4168
6979
3853
3854
4102
3855
3871
3855
4172
6980
3860
3864
3861
3866
3874
3863
3865
3873
3862
3875
3861
3862
3863
3869
3863
3879
3868
4080
4152
3869
4083
3871
4155
3870
4081
4154
3869
3870
4084
3871
3871
4158
3876
6971
3877
6970
3879
6968
3878
3877
3878
3879
6974
3879
3884
3907
4130
4233
3885
3898
3905
4131
3887
3897
3906
4235
3886
3899
4128
4232
3885
3886
4134
3887
3911
3887
4236
3903
3892
3904
3893
3906
4178
3895
3905
4179
3894
4176
3893
3894
3895
3909
3895
4182
3900
4192
3901
4193
3903
4195
3902
3901
3902
3903
4196
3903
3908
4112
4216
3909
4115
3911
4219
3910
4113
4218
3909
3910
4116
3911
3911
4222
3916
3938
4211
3917
3937
3919
3936
4210
3918
4208
3917
3918
3919
3941
3919
4214
3924
3930
3936
4291
3925
3939
4289
6290
3927
3928
3938
6291
3926
3931
4288
6288
3925
3926
4292
3927
3942
3927
3934
6294
3932
4227
3933
4224
3935
4225
3934
3933
3934
3935
4228
3935
3940
4275
3941
4272
6272
3943
6275
3942
4274
6273
3941
3942
4278
3943
3943
6276
3948
6320
6336
3949
6323
3951
6322
6337
3950
6339
3949
3950
3951
6326
3951
6340
3956
6328
6344
3957
6347
3959
6329
6346
3958
6331
3957
3958
3959
6350
3959
6332
3964
3986
4267
3965
3985
3967
3984
4266
3966
4264
3965
3966
3967
3989
3967
4270
3972
3978
3984
4379
3973
3987
4377
6706
3975
3976
3986
6707
3974
3979
4376
6704
3973
3974
4380
3975
3990
3975
3982
6710
3980
4283
3981
4280
3983
4281
3982
3981
3982
3983
4284
3983
3988
4363
3989
4360
6688
3991
6691
3990
4362
6689
3989
3990
4366
3991
3991
6692
3996
7026
3997
4354
7024
3999
4355
7027
3998
4352
3997
3998
3999
7030
3999
4358
4004
4368
4005
4369
7024
4007
4371
7027
4006
7025
4005
4006
4007
4372
4007
7028
4012
6960
7042
4013
4018
7040
4015
4016
6963
7043
4014
4017
6962
4013
4014
4015
7046
4015
6966
4021
4020
4024
6947
4021
6945
4023
4027
4022
4026
6944
4021
4022
6948
4023
4023
4030
4028
4032
4029
4033
4031
4030
4034
4029
4030
4037
4031
4031
4036
4339
7043
4037
4336
6888
4039
6891
7040
4038
4338
6889
7041
4037
4038
4342
4039
4039
7044
6892
4044
4243
4307
4045
4240
6915
4047
4241
4304
6913
4046
4305
6912
4045
4046
4047
4244
4047
4308
6916
4052
4056
4053
4058
4066
4055
4057
4065
4054
4067
4053
4054
4055
4061
4055
4071
4060
4061
4074
4063
4073
4062
4075
4061
4062
4063
4063
4079
4068
4072
4069
4074
4071
4073
4070
4069
4070
4071
4077
4071
4076
4077
4079
4078
4077
4078
4079
4079
4084
4088
4085
4090
4098
4087
4089
4097
4086
4099
4085
4086
4087
4093
4087
4103
4092
4093
4106
4095
4105
4094
4107
4093
4094
4095
4095
4111
4100
4104
6995
4101
4106
6992
4103
4105
4102
6994
4101
4102
6998
4103
4109
4103
4108
4109
4111
4110
4109
4110
4111
4111
4116
4120
4117
4122
4130
4119
4121
4129
4118
4131
4117
4118
4119
4125
4119
4135
4124
4125
4138
4127
4137
4126
4139
4125
4126
4127
4127
4143
4132
4136
4133
4138
4135
4137
4134
4133
4134
4135
4141
4135
4140
4141
4143
4142
4141
4142
4143
4143
4148
4152
4149
4154
4162
4151
4153
4161
4150
4163
4149
4150
4151
4157
4151
4167
4156
5706
4157
4170
5707
4159
4169
4158
4171
5704
4157
4158
5710
4159
4159
4175
4164
4168
4165
4170
4167
4169
4166
4165
4166
4167
4173
4167
4172
4173
4175
4174
4173
4174
4175
4175
4180
4184
4181
4186
4194
4183
4185
4193
4182
4195
4181
4182
4183
4189
4183
4199
4188
5906
4189
4202
5907
4191
4201
4190
4203
5904
4189
4190
5910
4191
4191
4207
4196
4200
4197
4202
4199
4201
4198
4197
4198
4199
4205
4199
4204
4205
4207
4206
4205
4206
4207
4207
4212
4216
4213
4218
4226
4215
4217
4225
4214
4227
4213
4214
4215
4221
4215
4231
4220
6194
4221
4234
6195
4223
4233
4222
4235
6192
4221
4222
6198
4223
4223
4239
4228
4232
4229
4234
4231
4233
4230
4229
4230
4231
4237
4231
4236
4237
4239
4238
4237
4238
4239
4239
4244
4248
4245
4250
4322
4247
4249
4321
4246
4323
4245
4246
4247
4253
4247
4327
4252
6931
4253
4258
4255
4257
6930
4254
4259
6928
4253
4254
4255
4255
6934
4263
4260
4315
4261
4312
4263
4313
4262
4261
4262
4263
4316
4263
4268
4272
4269
4274
4282
4271
4273
4281
4270
4283
4269
4270
4271
4277
4271
4287
4276
6602
4277
4290
6603
4279
4289
4278
4291
6600
4277
4278
6606
4279
4279
4295
4284
4288
4285
4290
4287
4289
4286
4285
4286
4287
4293
4287
4292
4293
4295
4294
4293
4294
4295
4295
4300
4306
4314
4301
4305
7091
4303
4304
4312
7089
4302
4315
7088
4301
4302
4303
4309
4303
4318
7092
4308
4322
4309
4311
4320
4310
4323
4309
4310
4311
4311
4326
4316
4322
4317
4321
4319
4320
4318
4317
4318
4319
4325
4319
4324
7001
4325
7000
4327
4326
7003
4325
4326
7004
4327
4327
4332
7051
4333
4346
7048
4335
4345
7049
4334
4347
4333
4334
4335
7052
4335
4351
4340
4344
4341
4346
7056
4343
4345
7058
4342
7059
4341
4342
4343
4349
4343
7062
4348
4349
4351
4350
4349
4350
4351
4351
4356
4360
4357
4362
4370
4359
4361
4369
4358
4371
4357
4358
4359
4365
4359
4375
4364
6858
4365
4378
6859
4367
4377
4366
4379
6856
4365
4366
6862
4367
4367
4383
4372
4376
4373
4378
4375
4377
4374
4373
4374
4375
4381
4375
4380
4381
4383
4382
4381
4382
4383
4383
4388
4392
4389
4394
4402
4391
4393
4401
4390
4403
4389
4390
4391
4397
4391
4407
4396
4397
4410
4399
4409
4398
4411
4397
4398
4399
4399
4415
4404
4408
4405
4410
4407
4409
4406
4405
4406
4407
4413
4407
4412
4413
4415
4414
4413
4414
4415
4415
4420
4424
4421
4426
4434
4423
4425
4433
4422
4435
4421
4422
4423
4429
4423
4439
4428
4429
4442
4431
4441
4430
4443
4429
4430
4431
4431
4447
4436
4440
4437
4442
4439
4441
4438
4437
4438
4439
4445
4439
4444
4848
4445
4851
4447
4446
4849
4445
4446
4852
4447
4447
4452
4456
4453
4458
4466
4455
4457
4465
4454
4467
4453
4454
4455
4461
4455
4471
4460
4461
4474
4463
4473
4462
4475
4461
4462
4463
4463
4479
4468
4472
4469
4474
4471
4473
4470
4469
4470
4471
4477
4471
4476
4477
4479
4478
4477
4478
4479
4479
4484
4488
4485
4490
4498
4487
4489
4497
4486
4499
4485
4486
4487
4493
4487
4503
4492
4493
4506
4495
4505
4494
4507
4493
4494
4495
4495
4511
4500
4504
4501
4506
4503
4505
4502
4501
4502
4503
4509
4503
4508
4509
4511
4510
4509
4510
4511
4511
4516
4520
4517
4522
4530
4519
4521
4529
4518
4531
4517
4518
4519
4525
4519
4535
4524
4525
4538
4527
4537
4526
4539
4525
4526
4527
4527
4543
4532
4536
4533
4538
4535
4537
4534
4533
4534
4535
4541
4535
4540
4541
4543
4542
4541
4542
4543
4543
4548
4552
4549
4554
4562
4551
4553
4561
4550
4563
4549
4550
4551
4557
4551
4567
4556
4557
4570
4559
4569
4558
4571
4557
4558
4559
4559
4575
4564
4568
4565
4570
4567
4569
4566
4565
4566
4567
4573
4567
4572
4573
4575
4574
4573
4574
4575
4575
4580
4584
4581
4586
4594
4583
4585
4593
4582
4595
4581
4582
4583
4589
4583
4599
4588
4589
4602
4591
4601
4590
4603
4589
4590
4591
4591
4607
4596
4600
4597
4602
4599
4601
4598
4597
4598
4599
4605
4599
4604
4605
4607
4606
4605
4606
4607
4607
4612
4616
4613
4618
4626
4615
4617
4625
4614
4627
4613
4614
4615
4621
4615
4631
4620
4621
4634
4623
4633
4622
4635
4621
4622
4623
4623
4639
4628
4632
4629
4634
4631
4633
4630
4629
4630
4631
4637
4631
4636
4637
4639
4638
4637
4638
4639
4639
4644
4648
4645
4650
4658
4647
4649
4657
4646
4659
4645
4646
4647
4653
4647
4663
4652
4653
4666
4655
4665
4654
4667
4653
4654
4655
4655
4671
4660
4664
4661
4666
4663
4665
4662
4661
4662
4663
4669
4663
4668
4669
4671
4670
4669
4670
4671
4671
4676
4680
4677
4682
4690
4679
4681
4689
4678
4691
4677
4678
4679
4685
4679
4695
4684
4685
4698
4687
4697
4686
4699
4685
4686
4687
4687
4703
4692
4696
4693
4698
4695
4697
4694
4693
4694
4695
4701
4695
4700
4701
4703
4702
4701
4702
4703
4703
4708
4712
4709
4714
4722
4711
4713
4721
4710
4723
4709
4710
4711
4717
4711
4727
4716
4717
4730
4719
4729
4718
4731
4717
4718
4719
4719
4735
4724
4728
4725
4730
4727
4729
4726
4725
4726
4727
4733
4727
4732
4733
4735
4734
4733
4734
4735
4735
4740
4744
4741
4746
4754
4743
4745
4753
4742
4755
4741
4742
4743
4749
4743
4759
4748
4749
4762
4751
4761
4750
4763
4749
4750
4751
4751
4767
4756
4760
4757
4762
4759
4761
4758
4757
4758
4759
4765
4759
4764
4765
4767
4766
4765
4766
4767
4767
4772
4776
4773
4778
4786
4775
4777
4785
4774
4787
4773
4774
4775
4781
4775
4791
4780
4781
4794
4783
4793
4782
4795
4781
4782
4783
4783
4799
4788
4792
4789
4794
4791
4793
4790
4789
4790
4791
4797
4791
4796
4797
4799
4798
4797
4798
4799
4799
4804
4808
4805
4810
4818
4807
4809
4817
4806
4819
4805
4806
4807
4813
4807
4823
4812
4813
4826
4815
4825
4814
4827
4813
4814
4815
4815
4831
4820
4824
4821
4826
4823
4825
4822
4821
4822
4823
4829
4823
4828
4829
4831
4830
4829
4830
4831
4831
4836
4840
4837
4842
4850
4839
4841
4849
4838
4851
4837
4838
4839
4845
4839
4855
4844
4845
4858
4847
4857
4846
4859
4845
4846
4847
4847
4863
4852
4856
4853
4858
4855
4857
4854
4853
4854
4855
4861
4855
4860
4861
4863
4862
4861
4862
4863
4863
4868
4872
4869
4874
4882
4871
4873
4881
4870
4883
4869
4870
4871
4877
4871
4887
4876
4877
4890
4879
4889
4878
4891
4877
4878
4879
4879
4895
4884
4888
4885
4890
4887
4889
4886
4885
4886
4887
4893
4887
4892
4893
4895
4894
4893
4894
4895
4895
4900
4904
4901
4906
4914
4903
4905
4913
4902
4915
4901
4902
4903
4909
4903
4919
4908
4909
4922
4911
4921
4910
4923
4909
4910
4911
4911
4927
4916
4920
4917
4922
4919
4921
4918
4917
4918
4919
4925
4919
4924
4925
4927
4926
4925
4926
4927
4927
4932
4936
4933
4938
4946
4935
4937
4945
4934
4947
4933
4934
4935
4941
4935
4951
4940
4941
4954
4943
4953
4942
4955
4941
4942
4943
4943
4959
4948
4952
4949
4954
4951
4953
4950
4949
4950
4951
4957
4951
4956
4957
4959
4958
4957
4958
4959
4959
4964
4968
4965
4970
4978
4967
4969
4977
4966
4979
4965
4966
4967
4973
4967
4983
4972
4973
4986
4975
4985
4974
4987
4973
4974
4975
4975
4991
4980
4984
4981
4986
4983
4985
4982
4981
4982
4983
4989
4983
4988
4989
4991
4990
4989
4990
4991
4991
4996
5000
4997
5002
5010
4999
5001
5009
4998
5011
4997
4998
4999
5005
4999
5015
5004
5005
5018
5007
5017
5006
5019
5005
5006
5007
5007
5023
5012
5016
5013
5018
5015
5017
5014
5013
5014
5015
5021
5015
5020
5021
5023
5022
5021
5022
5023
5023
5028
5032
5029
5034
5042
5031
5033
5041
5030
5043
5029
5030
5031
5037
5031
5047
5036
5037
5050
5039
5049
5038
5051
5037
5038
5039
5039
5055
5044
5048
5045
5050
5047
5049
5046
5045
5046
5047
5053
5047
5052
5053
5055
5054
5053
5054
5055
5055
5060
5064
5061
5066
5074
5063
5065
5073
5062
5075
5061
5062
5063
5069
5063
5079
5068
5069
5082
5071
5081
5070
5083
5069
5070
5071
5071
5087
5076
5080
5077
5082
5079
5081
5078
5077
5078
5079
5085
5079
5084
5085
5087
5086
5085
5086
5087
5087
5092
5096
5093
5098
5106
5095
5097
5105
5094
5107
5093
5094
5095
5101
5095
5111
5100
5101
5114
5103
5113
5102
5115
5101
5102
5103
5103
5119
5108
5112
5109
5114
5111
5113
5110
5109
5110
5111
5117
5111
5116
5117
5119
5118
5117
5118
5119
5119
5124
5128
5125
5130
5138
5127
5129
5137
5126
5139
5125
5126
5127
5133
5127
5143
5132
5133
5146
5135
5145
5134
5147
5133
5134
5135
5135
5151
5140
5144
5141
5146
5143
5145
5142
5141
5142
5143
5149
5143
5148
5149
5151
5150
5149
5150
5151
5151
5156
5160
5157
5162
5170
5159
5161
5169
5158
5171
5157
5158
5159
5165
5159
5175
5164
5165
5178
5167
5177
5166
5179
5165
5166
5167
5167
5183
5172
5176
5173
5178
5175
5177
5174
5173
5174
5175
5181
5175
5180
5181
5183
5182
5181
5182
5183
5183
5188
5192
5189
5194
5202
5191
5193
5201
5190
5203
5189
5190
5191
5197
5191
5207
5196
5197
5210
5199
5209
5198
5211
5197
5198
5199
5199
5215
5204
5208
5205
5210
5207
5209
5206
5205
5206
5207
5213
5207
5212
5213
5215
5214
5213
5214
5215
5215
5220
5224
5221
5226
5234
5223
5225
5233
5222
5235
5221
5222
5223
5229
5223
5239
5228
5229
5242
5231
5241
5230
5243
5229
5230
5231
5231
5247
5236
5240
5237
5242
5239
5241
5238
5237
5238
5239
5245
5239
5244
5245
5247
5246
5245
5246
5247
5247
5252
5256
5253
5258
5266
5255
5257
5265
5254
5267
5253
5254
5255
5261
5255
5271
5260
5261
5274
5263
5273
5262
5275
5261
5262
5263
5263
5279
5268
5272
5269
5274
5271
5273
5270
5269
5270
5271
5277
5271
5276
5277
5279
5278
5277
5278
5279
5279
5284
5288
5285
5290
5298
5287
5289
5297
5286
5299
5285
5286
5287
5293
5287
5303
5292
5293
5306
5295
5305
5294
5307
5293
5294
5295
5295
5311
5300
5304
5301
5306
5303
5305
5302
5301
5302
5303
5309
5303
5308
5309
5311
5310
5309
5310
5311
5311
5316
5320
5317
5322
5330
5319
5321
5329
5318
5331
5317
5318
5319
5325
5319
5335
5324
5325
5338
5327
5337
5326
5339
5325
5326
5327
5327
5343
5332
5336
5333
5338
5335
5337
5334
5333
5334
5335
5341
5335
5340
5341
5343
5342
5341
5342
5343
5343
5348
5352
5349
5354
5362
5351
5353
5361
5350
5363
5349
5350
5351
5357
5351
5367
5356
5357
5370
5359
5369
5358
5371
5357
5358
5359
5359
5375
5364
5368
5365
5370
5367
5369
5366
5365
5366
5367
5373
5367
5372
5373
5375
5374
5373
5374
5375
5375
5380
5384
5381
5386
5394
5383
5385
5393
5382
5395
5381
5382
5383
5389
5383
5399
5388
5389
5402
5391
5401
5390
5403
5389
5390
5391
5391
5407
5396
5400
5397
5402
5399
5401
5398
5397
5398
5399
5405
5399
5404
5405
5407
5406
5405
5406
5407
5407
5412
5416
5413
5418
5426
5415
5417
5425
5414
5427
5413
5414
5415
5421
5415
5431
5420
5421
5434
5423
5433
5422
5435
5421
5422
5423
5423
5439
5428
5432
5429
5434
5431
5433
5430
5429
5430
5431
5437
5431
5436
5437
5439
5438
5437
5438
5439
5439
5444
5448
5445
5450
5458
5447
5449
5457
5446
5459
5445
5446
5447
5453
5447
5463
5452
5453
5466
5455
5465
5454
5467
5453
5454
5455
5455
5471
5460
5464
5461
5466
5463
5465
5462
5461
5462
5463
5469
5463
5468
5469
5471
5470
5469
5470
5471
5471
5476
5480
5477
5482
5490
5479
5481
5489
5478
5491
5477
5478
5479
5485
5479
5495
5484
5485
5498
5487
5497
5486
5499
5485
5486
5487
5487
5503
5492
5496
5493
5498
5495
5497
5494
5493
5494
5495
5501
5495
5500
5501
5503
5502
5501
5502
5503
5503
5508
5512
5509
5514
5522
5511
5513
5521
5510
5523
5509
5510
5511
5517
5511
5527
5516
5517
5530
5519
5529
5518
5531
5517
5518
5519
5519
5535
5524
5528
5525
5530
5527
5529
5526
5525
5526
5527
5533
5527
5532
5533
5535
5534
5533
5534
5535
5535
5540
5544
5541
5546
5554
5543
5545
5553
5542
5555
5541
5542
5543
5549
5543
5559
5548
5549
5562
5551
5561
5550
5563
5549
5550
5551
5551
5567
5556
5560
5557
5562
5559
5561
5558
5557
5558
5559
5565
5559
5564
5565
5567
5566
5565
5566
5567
5567
5572
5576
5573
5578
5586
5575
5577
5585
5574
5587
5573
5574
5575
5581
5575
5591
5580
5581
5594
5583
5593
5582
5595
5581
5582
5583
5583
5599
5588
5592
5589
5594
5591
5593
5590
5589
5590
5591
5597
5591
5596
5597
5599
5598
5597
5598
5599
5599
5604
5608
5605
5610
5618
5607
5609
5617
5606
5619
5605
5606
5607
5613
5607
5623
5612
5613
5626
5615
5625
5614
5627
5613
5614
5615
5615
5631
5620
5624
5621
5626
5623
5625
5622
5621
5622
5623
5629
5623
5628
5629
5631
5630
5629
5630
5631
5631
5636
5640
5637
5642
5650
5639
5641
5649
5638
5651
5637
5638
5639
5645
5639
5655
5644
5645
5658
5647
5657
5646
5659
5645
5646
5647
5647
5663
5652
5656
5653
5658
5655
5657
5654
5653
5654
5655
5661
5655
5660
5661
5663
5662
5661
5662
5663
5663
5668
5672
5669
5674
5682
5671
5673
5681
5670
5683
5669
5670
5671
5677
5671
5687
5676
5677
5690
5679
5689
5678
5691
5677
5678
5679
5679
5695
5684
5688
5685
5690
5687
5689
5686
5685
5686
5687
5693
5687
5692
5693
5695
5694
5693
5694
5695
5695
5700
5704
5701
5706
5714
5703
5705
5713
5702
5715
5701
5702
5703
5709
5703
5719
5708
5709
5722
5711
5721
5710
5723
5709
5710
5711
5711
5727
5716
5720
5717
5722
5719
5721
5718
5717
5718
5719
5725
5719
5724
5725
5727
5726
5725
5726
5727
5727
5732
5736
5733
5738
5746
5735
5737
5745
5734
5747
5733
5734
5735
5741
5735
5751
5740
5741
5754
5743
5753
5742
5755
5741
5742
5743
5743
5759
5748
5752
5749
5754
5751
5753
5750
5749
5750
5751
5757
5751
5756
5757
5759
5758
5757
5758
5759
5759
5764
5768
5765
5770
5778
5767
5769
5777
5766
5779
5765
5766
5767
5773
5767
5783
5772
5773
5786
5775
5785
5774
5787
5773
5774
5775
5775
5791
5780
5784
5781
5786
5783
5785
5782
5781
5782
5783
5789
5783
5788
5789
5791
5790
5789
5790
5791
5791
5796
5800
5797
5802
5810
5799
5801
5809
5798
5811
5797
5798
5799
5805
5799
5815
5804
5805
5818
5807
5817
5806
5819
5805
5806
5807
5807
5823
5812
5816
5813
5818
5815
5817
5814
5813
5814
5815
5821
5815
5820
5821
5823
5822
5821
5822
5823
5823
5828
5832
5829
5834
5842
5831
5833
5841
5830
5843
5829
5830
5831
5837
5831
5847
5836
5837
5850
5839
5849
5838
5851
5837
5838
5839
5839
5855
5844
5848
5845
5850
5847
5849
5846
5845
5846
5847
5853
5847
5852
5853
5855
5854
5853
5854
5855
5855
5860
5864
5861
5866
5874
5863
5865
5873
5862
5875
5861
5862
5863
5869
5863
5879
5868
5869
5882
5871
5881
5870
5883
5869
5870
5871
5871
5887
5876
5880
5877
5882
5879
5881
5878
5877
5878
5879
5885
5879
5884
5885
5887
5886
5885
5886
5887
5887
5892
5896
5893
5898
5906
5895
5897
5905
5894
5907
5893
5894
5895
5901
5895
5911
5900
5901
5914
5903
5913
5902
5915
5901
5902
5903
5903
5919
5908
5912
5909
5914
5911
5913
5910
5909
5910
5911
5917
5911
5916
5917
5919
5918
5917
5918
5919
5919
5924
5928
5925
5930
5938
5927
5929
5937
5926
5939
5925
5926
5927
5933
5927
5943
5932
5933
5946
5935
5945
5934
5947
5933
5934
5935
5935
5951
5940
5944
5941
5946
5943
5945
5942
5941
5942
5943
5949
5943
5948
5949
5951
5950
5949
5950
5951
5951
5956
5960
5957
5962
5970
5959
5961
5969
5958
5971
5957
5958
5959
5965
5959
5975
5964
5965
5978
5967
5977
5966
5979
5965
5966
5967
5967
5983
5972
5976
5973
5978
5975
5977
5974
5973
5974
5975
5981
5975
5980
5981
5983
5982
5981
5982
5983
5983
5988
5992
5989
5994
6002
5991
5993
6001
5990
6003
5989
5990
5991
5997
5991
6007
5996
5997
6010
5999
6009
5998
6011
5997
5998
5999
5999
6015
6004
6008
6005
6010
6007
6009
6006
6005
6006
6007
6013
6007
6012
6013
6015
6014
6013
6014
6015
6015
6020
6024
6021
6026
6034
6023
6025
6033
6022
6035
6021
6022
6023
6029
6023
6039
6028
6029
6042
6031
6041
6030
6043
6029
6030
6031
6031
6047
6036
6040
6037
6042
6039
6041
6038
6037
6038
6039
6045
6039
6044
6045
6047
6046
6045
6046
6047
6047
6052
6056
6053
6058
6066
6055
6057
6065
6054
6067
6053
6054
6055
6061
6055
6071
6060
6061
6074
6063
6073
6062
6075
6061
6062
6063
6063
6079
6068
6072
6069
6074
6071
6073
6070
6069
6070
6071
6077
6071
6076
6077
6079
6078
6077
6078
6079
6079
6084
6088
6085
6090
6098
6087
6089
6097
6086
6099
6085
6086
6087
6093
6087
6103
6092
6093
6106
6095
6105
6094
6107
6093
6094
6095
6095
6111
6100
6104
6101
6106
6103
6105
6102
6101
6102
6103
6109
6103
6108
6109
6111
6110
6109
6110
6111
6111
6116
6120
6117
6122
6130
6119
6121
6129
6118
6131
6117
6118
6119
6125
6119
6135
6124
6125
6138
6127
6137
6126
6139
6125
6126
6127
6127
6143
6132
6136
6133
6138
6135
6137
6134
6133
6134
6135
6141
6135
6140
6141
6143
6142
6141
6142
6143
6143
6148
6152
6149
6154
6162
6151
6153
6161
6150
6163
6149
6150
6151
6157
6151
6167
6156
6157
6170
6159
6169
6158
6171
6157
6158
6159
6159
6175
6164
6168
6165
6170
6167
6169
6166
6165
6166
6167
6173
6167
6172
6173
6175
6174
6173
6174
6175
6175
6180
6184
6181
6186
6194
6183
6185
6193
6182
6195
6181
6182
6183
6189
6183
6199
6188
6189
6202
6191
6201
6190
6203
6189
6190
6191
6191
6207
6196
6200
6197
6202
6199
6201
6198
6197
6198
6199
6205
6199
6204
6205
6207
6206
6205
6206
6207
6207
6212
6216
6213
6218
6226
6215
6217
6225
6214
6227
6213
6214
6215
6221
6215
6231
6220
6221
6234
6223
6233
6222
6235
6221
6222
6223
6223
6239
6228
6232
6229
6234
6231
6233
6230
6229
6230
6231
6237
6231
6236
6237
6239
6238
6237
6238
6239
6239
6244
6248
6245
6250
6258
6247
6249
6257
6246
6259
6245
6246
6247
6253
6247
6263
6252
6253
6266
6255
6265
6254
6267
6253
6254
6255
6255
6271
6260
6264
6261
6266
6263
6265
6262
6261
6262
6263
6269
6263
6268
6269
6271
6270
6269
6270
6271
6271
6276
6280
6277
6282
6290
6279
6281
6289
6278
6291
6277
6278
6279
6285
6279
6295
6284
6285
6298
6287
6297
6286
6299
6285
6286
6287
6287
6303
6292
6296
6293
6298
6295
6297
6294
6293
6294
6295
6301
6295
6300
6301
6303
6302
6301
6302
6303
6303
6308
6312
6309
6314
6322
6311
6313
6321
6310
6323
6309
6310
6311
6317
6311
6327
6316
6317
6330
6319
6329
6318
6331
6317
6318
6319
6319
6335
6324
6328
6325
6330
6327
6329
6326
6325
6326
6327
6333
6327
6332
6333
6335
6334
6333
6334
6335
6335
6340
6344
6341
6346
6354
6343
6345
6353
6342
6355
6341
6342
6343
6349
6343
6359
6348
6349
6362
6351
6361
6350
6363
6349
6350
6351
6351
6367
6356
6360
6357
6362
6359
6361
6358
6357
6358
6359
6365
6359
6364
6365
6367
6366
6365
6366
6367
6367
6372
6376
6373
6378
6386
6375
6377
6385
6374
6387
6373
6374
6375
6381
6375
6391
6380
6381
6394
6383
6393
6382
6395
6381
6382
6383
6383
6399
6388
6392
6389
6394
6391
6393
6390
6389
6390
6391
6397
6391
6396
6397
6399
6398
6397
6398
6399
6399
6404
6408
6405
6410
6418
6407
6409
6417
6406
6419
6405
6406
6407
6413
6407
6423
6412
6413
6426
6415
6425
6414
6427
6413
6414
6415
6415
6431
6420
6424
6421
6426
6423
6425
6422
6421
6422
6423
6429
6423
6428
6429
6431
6430
6429
6430
6431
6431
6436
6440
6437
6442
6450
6439
6441
6449
6438
6451
6437
6438
6439
6445
6439
6455
6444
6445
6458
6447
6457
6446
6459
6445
6446
6447
6447
6463
6452
6456
6453
6458
6455
6457
6454
6453
6454
6455
6461
6455
6460
6461
6463
6462
6461
6462
6463
6463
6468
6472
6469
6474
6482
6471
6473
6481
6470
6483
6469
6470
6471
6477
6471
6487
6476
6477
6490
6479
6489
6478
6491
6477
6478
6479
6479
6495
6484
6488
6485
6490
6487
6489
6486
6485
6486
6487
6493
6487
6492
6493
6495
6494
6493
6494
6495
6495
6500
6504
6501
6506
6514
6503
6505
6513
6502
6515
6501
6502
6503
6509
6503
6519
6508
6509
6522
6511
6521
6510
6523
6509
6510
6511
6511
6527
6516
6520
6517
6522
6519
6521
6518
6517
6518
6519
6525
6519
6524
6525
6527
6526
6525
6526
6527
6527
6532
6536
6533
6538
6546
6535
6537
6545
6534
6547
6533
6534
6535
6541
6535
6551
6540
6541
6554
6543
6553
6542
6555
6541
6542
6543
6543
6559
6548
6552
6549
6554
6551
6553
6550
6549
6550
6551
6557
6551
6556
6557
6559
6558
6557
6558
6559
6559
6564
6568
6565
6570
6578
6567
6569
6577
6566
6579
6565
6566
6567
6573
6567
6583
6572
6573
6586
6575
6585
6574
6587
6573
6574
6575
6575
6591
6580
6584
6581
6586
6583
6585
6582
6581
6582
6583
6589
6583
6588
6589
6591
6590
6589
6590
6591
6591
6596
6600
6597
6602
6610
6599
6601
6609
6598
6611
6597
6598
6599
6605
6599
6615
6604
6605
6618
6607
6617
6606
6619
6605
6606
6607
6607
6623
6612
6616
6613
6618
6615
6617
6614
6613
6614
6615
6621
6615
6620
6621
6623
6622
6621
6622
6623
6623
6628
6632
6629
6634
6642
6631
6633
6641
6630
6643
6629
6630
6631
6637
6631
6647
6636
6637
6650
6639
6649
6638
6651
6637
6638
6639
6639
6655
6644
6648
6645
6650
6647
6649
6646
6645
6646
6647
6653
6647
6652
6653
6655
6654
6653
6654
6655
6655
6660
6664
6661
6666
6674
6663
6665
6673
6662
6675
6661
6662
6663
6669
6663
6679
6668
6669
6682
6671
6681
6670
6683
6669
6670
6671
6671
6687
6676
6680
6677
6682
6679
6681
6678
6677
6678
6679
6685
6679
6684
6685
6687
6686
6685
6686
6687
6687
6692
6696
6693
6698
6706
6695
6697
6705
6694
6707
6693
6694
6695
6701
6695
6711
6700
6701
6714
6703
6713
6702
6715
6701
6702
6703
6703
6719
6708
6712
6709
6714
6711
6713
6710
6709
6710
6711
6717
6711
6716
6717
6719
6718
6717
6718
6719
6719
6724
6728
6725
6730
6738
6727
6729
6737
6726
6739
6725
6726
6727
6733
6727
6743
6732
6733
6746
6735
6745
6734
6747
6733
6734
6735
6735
6751
6740
6744
6741
6746
6743
6745
6742
6741
6742
6743
6749
6743
6748
6749
6751
6750
6749
6750
6751
6751
6756
6760
6757
6762
6770
6759
6761
6769
6758
6771
6757
6758
6759
6765
6759
6775
6764
6765
6778
6767
6777
6766
6779
6765
6766
6767
6767
6783
6772
6776
6773
6778
6775
6777
6774
6773
6774
6775
6781
6775
6780
6781
6783
6782
6781
6782
6783
6783
6788
6792
6789
6794
6802
6791
6793
6801
6790
6803
6789
6790
6791
6797
6791
6807
6796
6797
6810
6799
6809
6798
6811
6797
6798
6799
6799
6815
6804
6808
6805
6810
6807
6809
6806
6805
6806
6807
6813
6807
6812
6813
6815
6814
6813
6814
6815
6815
6820
6824
6821
6826
6834
6823
6825
6833
6822
6835
6821
6822
6823
6829
6823
6839
6828
6829
6842
6831
6841
6830
6843
6829
6830
6831
6831
6847
6836
6840
6837
6842
6839
6841
6838
6837
6838
6839
6845
6839
6844
6845
6847
6846
6845
6846
6847
6847
6852
6856
6853
6858
6866
6855
6857
6865
6854
6867
6853
6854
6855
6861
6855
6871
6860
6861
6874
6863
6873
6862
6875
6861
6862
6863
6863
6879
6868
6872
6869
6874
6871
6873
6870
6869
6870
6871
6877
6871
6876
6877
6879
6878
6877
6878
6879
6879
6884
6888
6885
6890
6898
6887
6889
6897
6886
6899
6885
6886
6887
6893
6887
6903
6892
6893
6906
6895
6905
6894
6907
6893
6894
6895
6895
6911
6900
6904
6901
6906
6903
6905
6902
6901
6902
6903
6909
6903
6908
7035
6909
6911
7034
6910
7032
6909
6910
6911
6911
7038
6916
7075
6917
6930
7074
6919
6929
7072
6918
6931
6917
6918
6919
7078
6919
6935
6924
6928
6925
6930
7065
6927
6929
7064
6926
7067
6925
6926
6927
6933
6927
7068
6932
6933
6935
6934
6933
6934
6935
6935
6940
6944
7066
6941
6946
6954
6943
6945
6953
7064
6942
6955
7067
6941
6942
6943
6949
6943
7070
6959
6948
6949
6962
6951
6961
6950
6963
6949
6950
6951
6951
6967
6956
6960
6957
6962
6959
6961
6958
6957
6958
6959
6965
6959
6964
7057
6965
7056
6967
6966
7059
6965
6966
7060
6967
6967
6972
6976
6973
6978
6986
6975
6977
6985
6974
6987
6973
6974
6975
6981
6975
6991
6980
6981
6994
6983
6993
6982
6995
6981
6982
6983
6983
6999
6988
6992
6989
6994
6991
6993
6990
6989
6990
6991
6997
6991
6996
6997
6999
6998
6997
6998
6999
6999
7004
7008
7005
7010
7018
7007
7009
7017
7006
7019
7005
7006
7007
7013
7007
7023
7012
7013
7026
7015
7025
7014
7027
7013
7014
7015
7015
7031
7020
7024
7021
7026
7023
7025
7022
7021
7022
7023
7029
7023
7028
7029
7031
7030
7029
7030
7031
7031
7036
7040
7037
7042
7050
7039
7041
7049
7038
7051
7037
7038
7039
7045
7039
7055
7044
7045
7058
7047
7057
7046
7059
7045
7046
7047
7047
7063
7052
7056
7053
7058
7055
7057
7054
7053
7054
7055
7061
7055
7060
7061
7063
7062
7061
7062
7063
7063
7068
7072
7069
7074
7082
7071
7073
7081
7070
7083
7069
7070
7071
7077
7071
7087
7076
7077
7090
7079
7089
7078
7091
7077
7078
7079
7079
7095
7084
7088
7085
7090
7087
7089
7086
7085
7086
7087
7093
7087
7092
7093
7095
7094
7093
7094
7095
7095
)


// ************************************************************************* //
